Orbit 80/40 or 60/60 or OFF (1-11 = 80/40; 101-111 = 60/60; 12 = switch off),Orbit type,Ingress solar occultation observation number,Merged Occultation (YES = 1; NO = 0),Thermal orbit/nightside number,ESA orbit number,LNO+UVIS operating (YES = 1; NO = 0),UVIS alone operating (YES = 1; NO = 0),LNO alone operating (YES = 1; NO = 0),SO+UVIS operating (YES = 1; NO = 0),SO alone operating (YES = 1; NO = 0),TC20 execution start time (UTC),TC20 execution end time (UTC),SO start time (UTC),SO end time (UTC),LNO start time (UTC),LNO end time (UTC),UVIS start time (UTC),UVIS end time (UTC),Limb Height 250 km (UTC),Latitude probed @ limb height 250 km (deg),Longitude probed @ limb height 250 km (deg),Limb Height 0 km (UTC),Latitude probed @ limb height 0 km (deg),Longitude probed @ limb height 0 km (deg),Limb Height 50 km: switch SCI1 to SCI2 (UTC),Beta angle (deg),Eclipse duration (Umbra end - Umbra start) (s),Local Solar Time (LST): TGO2SUN vector surface intercept point @ limb height 0 km (h),Solar longitude Ls (deg),SO+SINBAD data volume (Mbit),LNO+SINBAD data volume (Mbit),UVIS+SINBAD data volume (Mbit),Channel(s)+SINBAD data volume (Mbit),TC20 SO_START_TIME,TC20 SO_START_SCIENCE_1,TC20 SO_START_SCIENCE_2,TC20 SO_DURATION_REFERENCE_1,TC20 SO_DURATION_REFERENCE_2,TC20 SO_DURATION_TIME,TC20 SO_COP_GENERAL,TC20 SO_COP_PRECOOLING,TC20 SO_COP_SCIENCE_1,TC20 SO_COP_SCIENCE_2,TC20 LNO_START_TIME,TC20 LNO_START_SCIENCE_1,TC20 LNO_START_SCIENCE_2,TC20 LNO_DURATION_REFERENCE_1,TC20 LNO_DURATION_REFERENCE_2,TC20 LNO_DURATION_TIME,TC20 LNO_COP_GENERAL,TC20 LNO_COP_PRECOOLING,TC20 LNO_COP_SCIENCE_1,TC20 LNO_COP_SCIENCE_2,TC20 UVIS_START_TIME,TC20 UVIS_DURATION_TIME,TC20 UVIS_COP_ROW,TC20 CHECKSUM,TC20 (HEX)
5,5,1,1,210,39997,0,0,0,1,0,2026 NOV 10 18:16:13,2026 NOV 10 18:58:13,2026 NOV 10 18:16:23,2026 NOV 10 18:58:13,N/A,N/A,2026 NOV 10 18:23:43,2026 NOV 10 18:58:13,2026 NOV 10 18:24:13,64.1208,-67.3039,2026 NOV 10 18:38:45,18.4572,-56.1296,2026 NOV 10 18:33:53,63.4124,231,5.7858,20.063,197.0014,N/A,374.9637,570.84,10,480,1352,30,30,2510,3,1,13,13,0,0,0,0,0,0,0,0,0,0,450,2070,300,951,1400002C000A01E005481E1E09CE0301000D000D0000000000000000000000000000000001C20816012C03B7
5,5,2,1,211,39998,0,0,0,1,0,2026 NOV 10 20:14:01,2026 NOV 10 20:56:18,2026 NOV 10 20:14:11,2026 NOV 10 20:56:18,N/A,N/A,2026 NOV 10 20:21:31,2026 NOV 10 20:56:18,2026 NOV 10 20:22:01,64.3971,-96.2386,2026 NOV 10 20:35:35,21.9766,-85.3225,2026 NOV 10 20:31:26,63.2057,362,5.7353,20.1012,198.6103,N/A,378.0431,575.519,10,480,1294,30,30,2527,3,1,13,13,0,0,0,0,0,0,0,0,0,0,450,2087,300,927,1400002C000A01E0050E1E1E09DF0301000D000D0000000000000000000000000000000001C20827012C039F
5,5,3,1,212,39999,0,0,0,1,0,2026 NOV 10 22:11:50,2026 NOV 10 22:54:16,2026 NOV 10 22:12:00,2026 NOV 10 22:54:16,N/A,N/A,2026 NOV 10 22:19:20,2026 NOV 10 22:54:16,2026 NOV 10 22:19:50,64.6292,-125.1453,2026 NOV 10 22:32:45,24.4585,-114.0371,2026 NOV 10 22:29:01,62.9866,449,5.7219,20.1395,199.4621,N/A,379.6734,577.9962,10,480,1255,30,30,2536,3,1,13,13,0,0,0,0,0,0,0,0,0,0,450,2096,300,1161,1400002C000A01E004E71E1E09E80301000D000D0000000000000000000000000000000001C20830012C0489
1,1,4,0,213,40000,0,0,0,1,0,2026 NOV 11 00:09:38,2026 NOV 11 00:30:30,2026 NOV 11 00:09:48,2026 NOV 11 00:30:30,N/A,N/A,2026 NOV 11 00:17:08,2026 NOV 11 00:30:30,2026 NOV 11 00:17:38,65.0454,-154.2152,2026 NOV 11 00:30:00,26.7331,-143.1545,2026 NOV 11 00:26:36,62.7439,528,5.6831,20.1778,76.9951,N/A,145.2758,221.8384,10,480,1018,30,30,1242,3,1,13,13,0,0,0,0,0,0,0,0,0,0,450,802,300,1141,1400002C000A01E003FA1E1E04DA0301000D000D0000000000000000000000000000000001C20322012C0475
1,1,5,0,214,40001,0,0,0,1,0,2026 NOV 11 02:07:28,2026 NOV 11 02:27:52,2026 NOV 11 02:07:38,2026 NOV 11 02:27:52,N/A,N/A,2026 NOV 11 02:14:58,2026 NOV 11 02:27:52,2026 NOV 11 02:15:28,65.4602,176.694,2026 NOV 11 02:27:22,28.7604,-172.0439,2026 NOV 11 02:24:13,62.4986,600,5.6614,20.2161,74.3451,N/A,140.2038,214.1317,10,480,1005,30,30,1214,3,1,13,13,0,0,0,0,0,0,0,0,0,0,450,774,300,1072,1400002C000A01E003ED1E1E04BE0301000D000D0000000000000000000000000000000001C20306012C0430
1,1,6,0,218,40005,0,0,0,1,0,2026 NOV 11 09:58:49,2026 NOV 11 10:17:55,2026 NOV 11 09:58:59,2026 NOV 11 10:17:55,N/A,N/A,2026 NOV 11 10:06:19,2026 NOV 11 10:17:55,2026 NOV 11 10:06:49,66.4772,60.8422,2026 NOV 11 10:17:25,34.1883,71.9951,2026 NOV 11 10:14:53,61.6243,810,5.5572,20.3696,66.9631,N/A,126.0747,192.6632,10,480,964,30,30,1136,3,1,13,13,0,0,0,0,0,0,0,0,0,0,450,696,300,1130,1400002C000A01E003C41E1E04700301000D000D0000000000000000000000000000000001C202B8012C046A
1,1,7,0,219,40006,0,0,0,1,0,2026 NOV 11 11:56:39,2026 NOV 11 12:15:31,2026 NOV 11 11:56:49,2026 NOV 11 12:15:31,N/A,N/A,2026 NOV 11 12:04:09,2026 NOV 11 12:15:31,2026 NOV 11 12:04:39,66.7781,31.8153,2026 NOV 11 12:15:01,35.3559,43.339,2026 NOV 11 12:12:35,61.382,848,5.5547,20.408,65.6381,N/A,123.5388,188.8098,10,480,956,30,30,1122,3,1,13,13,0,0,0,0,0,0,0,0,0,0,450,682,300,1094,1400002C000A01E003BC1E1E04620301000D000D0000000000000000000000000000000001C202AA012C0446
1,1,8,0,221,40008,0,0,0,1,0,2026 NOV 11 15:52:29,2026 NOV 11 16:10:56,2026 NOV 11 15:52:39,2026 NOV 11 16:10:56,N/A,N/A,2026 NOV 11 15:59:59,2026 NOV 11 16:10:56,2026 NOV 11 16:00:29,67.1189,-26.0231,2026 NOV 11 16:10:26,37.0872,-14.8606,2026 NOV 11 16:08:09,60.9126,919,5.4944,20.4848,63.272,N/A,119.0102,181.9289,10,480,940,30,30,1097,3,1,13,13,0,0,0,0,0,0,0,0,0,0,450,657,300,1028,1400002C000A01E003AC1E1E04490301000D000D0000000000000000000000000000000001C20291012C0404
1,1,9,0,223,40010,0,0,0,1,0,2026 NOV 11 19:48:10,2026 NOV 11 20:06:14,2026 NOV 11 19:48:20,2026 NOV 11 20:06:14,N/A,N/A,2026 NOV 11 19:55:40,2026 NOV 11 20:06:14,2026 NOV 11 19:56:10,67.622,-84.0225,2026 NOV 11 20:05:44,39.0332,-72.0505,2026 NOV 11 20:03:36,60.4756,990,5.4994,20.5616,61.0953,N/A,114.8439,175.5984,10,480,926,30,30,1074,3,1,13,13,0,0,0,0,0,0,0,0,0,0,450,634,300,968,1400002C000A01E0039E1E1E04320301000D000D0000000000000000000000000000000001C2027A012C03C8
1,1,10,0,224,40011,0,0,0,1,0,2026 NOV 11 21:46:01,2026 NOV 11 22:03:54,2026 NOV 11 21:46:11,2026 NOV 11 22:03:54,N/A,N/A,2026 NOV 11 21:53:31,2026 NOV 11 22:03:54,2026 NOV 11 21:54:01,67.746,-112.8881,2026 NOV 11 22:03:24,39.7404,-101.2407,2026 NOV 11 22:01:20,60.2616,1020,5.4625,20.6,60.0542,N/A,112.8514,172.5708,10,480,919,30,30,1063,3,1,13,13,0,0,0,0,0,0,0,0,0,0,450,623,300,939,1400002C000A01E003971E1E04270301000D000D0000000000000000000000000000000001C2026F012C03AB
1,1,11,0,226,40013,0,0,0,1,0,2026 NOV 12 01:41:41,2026 NOV 12 01:59:14,2026 NOV 12 01:41:51,2026 NOV 12 01:59:14,N/A,N/A,2026 NOV 12 01:49:11,2026 NOV 12 01:59:14,2026 NOV 12 01:49:41,68.3611,-171.0606,2026 NOV 12 01:58:44,41.5071,-159.341,2026 NOV 12 01:56:46,59.7811,1081,5.4075,20.6767,58.1613,N/A,109.2285,167.066,10,480,905,30,30,1043,3,1,13,13,0,0,0,0,0,0,0,0,0,0,450,603,300,885,1400002C000A01E003891E1E04130301000D000D0000000000000000000000000000000001C2025B012C0375
1,1,12,0,230,40017,0,0,0,1,0,2026 NOV 12 09:33:08,2026 NOV 12 09:50:07,2026 NOV 12 09:33:18,2026 NOV 12 09:50:07,N/A,N/A,2026 NOV 12 09:40:38,2026 NOV 12 09:50:07,2026 NOV 12 09:41:08,69.1693,72.9845,2026 NOV 12 09:49:37,44.3307,85.0442,2026 NOV 12 09:47:50,58.891,1194,5.3397,20.8303,54.9435,N/A,103.0697,157.7079,10,480,882,30,30,1009,3,1,13,13,0,0,0,0,0,0,0,0,0,0,450,569,300,1049,1400002C000A01E003721E1E03F10301000D000D0000000000000000000000000000000001C20239012C0419
1,1,13,0,231,40018,0,0,0,1,0,2026 NOV 12 11:30:56,2026 NOV 12 11:47:48,2026 NOV 12 11:31:06,2026 NOV 12 11:47:48,N/A,N/A,2026 NOV 12 11:38:26,2026 NOV 12 11:47:48,2026 NOV 12 11:38:56,69.4625,43.869,2026 NOV 12 11:47:18,45.0665,56.1692,2026 NOV 12 11:45:34,58.6577,1217,5.3242,20.8687,54.281,N/A,101.8017,155.7813,10,480,878,30,30,1002,3,1,13,13,0,0,0,0,0,0,0,0,0,0,450,562,300,1031,1400002C000A01E0036E1E1E03EA0301000D000D0000000000000000000000000000000001C20232012C0407
1,1,14,0,233,40020,0,0,0,1,0,2026 NOV 12 15:26:47,2026 NOV 12 15:43:24,2026 NOV 12 15:26:57,2026 NOV 12 15:43:24,N/A,N/A,2026 NOV 12 15:34:17,2026 NOV 12 15:43:24,2026 NOV 12 15:34:47,69.7087,-13.9717,2026 NOV 12 15:42:54,46.2582,-1.2803,2026 NOV 12 15:41:14,58.1835,1259,5.3169,20.9455,52.8614,N/A,99.0846,151.6527,10,480,867,30,30,987,3,1,13,13,0,0,0,0,0,0,0,0,0,0,450,547,300,990,1400002C000A01E003631E1E03DB0301000D000D0000000000000000000000000000000001C20223012C03DE
1,1,15,0,235,40022,0,0,0,1,0,2026 NOV 12 19:22:30,2026 NOV 12 19:38:56,2026 NOV 12 19:22:40,2026 NOV 12 19:38:56,N/A,N/A,2026 NOV 12 19:30:00,2026 NOV 12 19:38:56,2026 NOV 12 19:30:30,70.1479,-72.0793,2026 NOV 12 19:38:26,47.3569,-59.3022,2026 NOV 12 19:36:49,57.7345,1306,5.2703,21.0222,51.8203,N/A,97.092,148.6251,10,480,859,30,30,976,3,1,13,13,0,0,0,0,0,0,0,0,0,0,450,536,300,960,1400002C000A01E0035B1E1E03D00301000D000D0000000000000000000000000000000001C20218012C03C0
1,1,16,0,238,40025,0,0,0,1,0,2026 NOV 13 01:16:01,2026 NOV 13 01:32:09,2026 NOV 13 01:16:11,2026 NOV 13 01:32:09,N/A,N/A,2026 NOV 13 01:23:31,2026 NOV 13 01:32:09,2026 NOV 13 01:24:01,70.7659,-159.2315,2026 NOV 13 01:31:39,49.1046,-145.9415,2026 NOV 13 01:30:07,57.0543,1365,5.2253,21.1373,50.1168,N/A,93.8315,143.6708,10,480,846,30,30,958,3,1,13,13,0,0,0,0,0,0,0,0,0,0,450,518,300,911,1400002C000A01E0034E1E1E03BE0301000D000D0000000000000000000000000000000001C20206012C038F
1,1,17,0,239,40026,0,0,0,1,0,2026 NOV 13 03:13:54,2026 NOV 13 03:29:56,2026 NOV 13 03:14:04,2026 NOV 13 03:29:56,N/A,N/A,2026 NOV 13 03:21:24,2026 NOV 13 03:29:56,2026 NOV 13 03:21:54,71.0252,171.5995,2026 NOV 13 03:29:26,49.8328,-174.3467,2026 NOV 13 03:27:56,56.8108,1385,5.2425,21.1757,49.5489,N/A,92.7446,142.0194,10,480,842,30,30,952,3,1,13,13,0,0,0,0,0,0,0,0,0,0,450,512,300,895,1400002C000A01E0034A1E1E03B80301000D000D0000000000000000000000000000000001C20200012C037F
1,1,18,0,241,40028,0,0,0,1,0,2026 NOV 13 07:09:44,2026 NOV 13 07:25:35,2026 NOV 13 07:09:54,2026 NOV 13 07:25:35,N/A,N/A,2026 NOV 13 07:17:14,2026 NOV 13 07:25:35,2026 NOV 13 07:17:44,71.254,113.7091,2026 NOV 13 07:25:05,50.6817,127.5682,2026 NOV 13 07:23:38,56.357,1425,5.1936,21.2524,48.5078,N/A,90.7521,138.9918,10,480,834,30,30,941,3,1,13,13,0,0,0,0,0,0,0,0,0,0,450,501,300,1120,1400002C000A01E003421E1E03AD0301000D000D0000000000000000000000000000000001C201F5012C0460
1,1,19,0,245,40032,0,0,0,1,0,2026 NOV 13 15:01:11,2026 NOV 13 15:16:43,2026 NOV 13 15:01:21,2026 NOV 13 15:16:43,N/A,N/A,2026 NOV 13 15:08:41,2026 NOV 13 15:16:43,2026 NOV 13 15:09:11,71.9227,-2.4567,2026 NOV 13 15:16:13,52.6229,12.3107,2026 NOV 13 15:14:51,55.4436,1490,5.1539,21.4058,46.7096,N/A,87.3104,133.7623,10,480,820,30,30,922,3,1,13,13,0,0,0,0,0,0,0,0,0,0,450,482,300,1068,1400002C000A01E003341E1E039A0301000D000D0000000000000000000000000000000001C201E2012C042C
1,1,20,0,247,40034,0,0,0,1,0,2026 NOV 13 18:56:59,2026 NOV 13 19:12:23,2026 NOV 13 18:57:09,2026 NOV 13 19:12:23,N/A,N/A,2026 NOV 13 19:04:29,2026 NOV 13 19:12:23,2026 NOV 13 19:04:59,72.2205,-60.5334,2026 NOV 13 19:11:53,53.4365,-45.5501,2026 NOV 13 19:10:33,54.9865,1523,5.12,21.4826,45.9525,N/A,85.8612,131.5603,10,480,814,30,30,914,3,1,13,13,0,0,0,0,0,0,0,0,0,0,450,474,300,1046,1400002C000A01E0032E1E1E03920301000D000D0000000000000000000000000000000001C201DA012C0416
1,1,21,0,250,40037,0,0,0,1,0,2026 NOV 14 00:50:33,2026 NOV 14 01:05:45,2026 NOV 14 00:50:43,2026 NOV 14 01:05:45,N/A,N/A,2026 NOV 14 00:58:03,2026 NOV 14 01:05:45,2026 NOV 14 00:58:33,72.6379,-147.6072,2026 NOV 14 01:05:15,54.445,-133.3142,2026 NOV 14 01:03:57,54.3132,1567,5.0025,21.5975,44.8168,N/A,83.6875,128.2575,10,480,804,30,30,902,3,1,13,13,0,0,0,0,0,0,0,0,0,0,450,462,300,1012,1400002C000A01E003241E1E03860301000D000D0000000000000000000000000000000001C201CE012C03F4
1,1,22,0,256,40043,0,0,0,1,0,2026 NOV 14 12:37:46,2026 NOV 14 12:52:37,2026 NOV 14 12:37:56,2026 NOV 14 12:52:37,N/A,N/A,2026 NOV 14 12:45:16,2026 NOV 14 12:52:37,2026 NOV 14 12:45:46,73.6316,37.6491,2026 NOV 14 12:52:07,56.8669,53.0481,2026 NOV 14 12:50:54,52.9332,1653,4.8956,21.8275,42.8293,N/A,79.8836,122.4775,10,480,788,30,30,881,3,1,13,13,0,0,0,0,0,0,0,0,0,0,450,441,300,954,1400002C000A01E003141E1E03710301000D000D0000000000000000000000000000000001C201B9012C03BA
1,1,23,0,260,40047,0,0,0,1,0,2026 NOV 14 20:29:24,2026 NOV 14 20:44:03,2026 NOV 14 20:29:34,2026 NOV 14 20:44:03,N/A,N/A,2026 NOV 14 20:36:54,2026 NOV 14 20:44:03,2026 NOV 14 20:37:24,74.0959,-78.5837,2026 NOV 14 20:43:33,58.1487,-62.7217,2026 NOV 14 20:42:23,52.008,1703,4.8264,21.9807,41.6936,N/A,77.7099,119.1746,10,480,779,30,30,869,3,1,13,13,0,0,0,0,0,0,0,0,0,0,450,429,300,921,1400002C000A01E0030B1E1E03650301000D000D0000000000000000000000000000000001C201AD012C0399
1,1,24,0,262,40049,0,0,0,1,0,2026 NOV 15 00:25:07,2026 NOV 15 00:39:39,2026 NOV 15 00:25:17,2026 NOV 15 00:39:39,N/A,N/A,2026 NOV 15 00:32:37,2026 NOV 15 00:39:39,2026 NOV 15 00:33:07,74.3039,-136.6509,2026 NOV 15 00:39:09,59.0931,-119.0565,2026 NOV 15 00:38:02,51.5602,1724,4.8933,22.0573,41.0311,N/A,76.4419,117.248,10,480,775,30,30,862,3,1,13,13,0,0,0,0,0,0,0,0,0,0,450,422,300,903,1400002C000A01E003071E1E035E0301000D000D0000000000000000000000000000000001C201A6012C0387
1,1,25,0,264,40051,0,0,0,1,0,2026 NOV 15 04:20:54,2026 NOV 15 04:35:20,2026 NOV 15 04:21:04,2026 NOV 15 04:35:20,N/A,N/A,2026 NOV 15 04:28:24,2026 NOV 15 04:35:20,2026 NOV 15 04:28:54,74.6839,164.7409,2026 NOV 15 04:34:50,59.891,-177.1977,2026 NOV 15 04:33:44,51.0798,1749,4.8411,22.1339,40.4633,N/A,75.355,115.5966,10,480,770,30,30,856,3,1,13,13,0,0,0,0,0,0,0,0,0,0,450,416,300,886,1400002C000A01E003021E1E03580301000D000D0000000000000000000000000000000001C201A0012C0376
1,1,26,0,266,40053,0,0,0,1,0,2026 NOV 15 08:16:46,2026 NOV 15 08:31:06,2026 NOV 15 08:16:56,2026 NOV 15 08:31:06,N/A,N/A,2026 NOV 15 08:24:16,2026 NOV 15 08:31:06,2026 NOV 15 08:24:46,74.7936,106.8642,2026 NOV 15 08:30:36,60.2152,124.042,2026 NOV 15 08:29:31,50.6222,1773,4.7492,22.2105,39.8954,N/A,74.2682,113.9451,10,480,765,30,30,850,3,1,13,13,0,0,0,0,0,0,0,0,0,0,450,410,300,1124,1400002C000A01E002FD1E1E03520301000D000D0000000000000000000000000000000001C2019A012C0464
1,1,27,0,268,40055,0,0,0,1,0,2026 NOV 15 12:12:25,2026 NOV 15 12:26:41,2026 NOV 15 12:12:35,2026 NOV 15 12:26:41,N/A,N/A,2026 NOV 15 12:19:55,2026 NOV 15 12:26:41,2026 NOV 15 12:20:25,75.0915,48.4392,2026 NOV 15 12:26:11,60.7634,65.6968,2026 NOV 15 12:25:06,50.1823,1792,4.6817,22.287,39.5168,N/A,73.5436,112.8442,10,480,761,30,30,846,3,1,13,13,0,0,0,0,0,0,0,0,0,0,450,406,300,1112,1400002C000A01E002F91E1E034E0301000D000D0000000000000000000000000000000001C20196012C0458
1,1,28,0,271,40058,0,0,0,1,0,2026 NOV 15 18:06:12,2026 NOV 15 18:20:20,2026 NOV 15 18:06:22,2026 NOV 15 18:20:20,N/A,N/A,2026 NOV 15 18:13:42,2026 NOV 15 18:20:20,2026 NOV 15 18:14:12,75.3742,-38.824,2026 NOV 15 18:19:50,61.7186,-20.6222,2026 NOV 15 18:18:47,49.4739,1821,4.665,22.4019,38.7597,N/A,72.0945,110.6423,10,480,755,30,30,838,3,1,13,13,0,0,0,0,0,0,0,0,0,0,450,398,300,1090,1400002C000A01E002F31E1E03460301000D000D0000000000000000000000000000000001C2018E012C0442
1,1,29,0,272,40059,0,0,0,1,0,2026 NOV 15 20:04:05,2026 NOV 15 20:18:11,2026 NOV 15 20:04:15,2026 NOV 15 20:18:11,N/A,N/A,2026 NOV 15 20:11:35,2026 NOV 15 20:18:11,2026 NOV 15 20:12:05,75.4907,-67.9924,2026 NOV 15 20:17:41,62.0886,-49.105,2026 NOV 15 20:16:39,49.2486,1832,4.6783,22.4401,38.5704,N/A,71.7322,110.0918,10,480,754,30,30,836,3,1,13,13,0,0,0,0,0,0,0,0,0,0,450,396,300,1085,1400002C000A01E002F21E1E03440301000D000D0000000000000000000000000000000001C2018C012C043D
1,1,30,0,274,40061,0,0,0,1,0,2026 NOV 15 23:59:49,2026 NOV 16 00:13:50,2026 NOV 15 23:59:59,2026 NOV 16 00:13:50,N/A,N/A,2026 NOV 16 00:07:19,2026 NOV 16 00:13:50,2026 NOV 16 00:07:49,75.6335,-126.029,2026 NOV 16 00:13:20,62.5521,-107.1052,2026 NOV 16 00:12:19,48.8035,1850,4.635,22.5166,38.0972,N/A,70.8265,108.7156,10,480,750,30,30,831,3,1,13,13,0,0,0,0,0,0,0,0,0,0,450,391,300,1071,1400002C000A01E002EE1E1E033F0301000D000D0000000000000000000000000000000001C20187012C042F
1,1,31,0,277,40064,0,0,0,1,0,2026 NOV 16 05:53:31,2026 NOV 16 06:07:26,2026 NOV 16 05:53:41,2026 NOV 16 06:07:26,N/A,N/A,2026 NOV 16 06:01:01,2026 NOV 16 06:07:26,2026 NOV 16 06:01:31,76.0652,146.0162,2026 NOV 16 06:06:56,63.3123,164.8874,2026 NOV 16 06:05:56,48.088,1880,4.505,22.6314,37.5294,N/A,69.7396,107.0642,10,480,745,30,30,825,3,1,13,13,0,0,0,0,0,0,0,0,0,0,450,385,300,1054,1400002C000A01E002E91E1E03390301000D000D0000000000000000000000000000000001C20181012C041E
1,1,32,0,279,40066,0,0,0,1,0,2026 NOV 16 09:49:20,2026 NOV 16 10:03:10,2026 NOV 16 09:49:30,2026 NOV 16 10:03:10,N/A,N/A,2026 NOV 16 09:56:50,2026 NOV 16 10:03:10,2026 NOV 16 09:57:20,76.1611,88.0674,2026 NOV 16 10:02:40,63.89,107.7544,2026 NOV 16 10:01:41,47.6418,1897,4.5208,22.7079,37.0561,N/A,68.8339,105.688,10,480,741,30,30,820,3,1,13,13,0,0,0,0,0,0,0,0,0,0,450,380,300,1040,1400002C000A01E002E51E1E03340301000D000D0000000000000000000000000000000001C2017C012C0410
1,1,33,0,280,40067,0,0,0,1,0,2026 NOV 16 11:47:08,2026 NOV 16 12:00:57,2026 NOV 16 11:47:18,2026 NOV 16 12:00:57,N/A,N/A,2026 NOV 16 11:54:38,2026 NOV 16 12:00:57,2026 NOV 16 11:55:08,76.3179,58.6638,2026 NOV 16 12:00:27,64.1474,78.568,2026 NOV 16 11:59:29,47.4216,1905,4.4861,22.7461,36.9615,N/A,68.6528,105.4128,10,480,741,30,30,819,3,1,13,13,0,0,0,0,0,0,0,0,0,0,450,379,300,1038,1400002C000A01E002E51E1E03330301000D000D0000000000000000000000000000000001C2017B012C040E
1,1,34,0,283,40070,0,0,0,1,0,2026 NOV 16 17:40:54,2026 NOV 16 17:54:36,2026 NOV 16 17:41:04,2026 NOV 16 17:54:36,N/A,N/A,2026 NOV 16 17:48:24,2026 NOV 16 17:54:36,2026 NOV 16 17:48:54,76.5708,-28.8042,2026 NOV 16 17:54:06,65.044,-7.7887,2026 NOV 16 17:53:09,46.7131,1930,4.4669,22.8608,36.299,N/A,67.3848,103.4861,10,480,735,30,30,812,3,1,13,13,0,0,0,0,0,0,0,0,0,0,450,372,300,1018,1400002C000A01E002DF1E1E032C0301000D000D0000000000000000000000000000000001C20174012C03FA
1,1,35,0,285,40072,0,0,0,1,0,2026 NOV 16 21:36:41,2026 NOV 16 21:50:20,2026 NOV 16 21:36:51,2026 NOV 16 21:50:20,N/A,N/A,2026 NOV 16 21:44:11,2026 NOV 16 21:50:20,2026 NOV 16 21:44:41,76.7489,-87.194,2026 NOV 16 21:49:50,65.6878,-64.7898,2026 NOV 16 21:48:54,46.2589,1947,4.4917,22.9373,36.0151,N/A,66.8413,102.6604,10,480,733,30,30,809,3,1,13,13,0,0,0,0,0,0,0,0,0,0,450,369,300,1010,1400002C000A01E002DD1E1E03290301000D000D0000000000000000000000000000000001C20171012C03F2
1,1,36,0,286,40073,0,0,0,1,0,2026 NOV 16 23:34:33,2026 NOV 16 23:48:11,2026 NOV 16 23:34:43,2026 NOV 16 23:48:11,N/A,N/A,2026 NOV 16 23:42:03,2026 NOV 16 23:48:11,2026 NOV 16 23:42:33,76.8063,-116.249,2026 NOV 16 23:47:41,65.4403,-95.8068,2026 NOV 16 23:46:45,46.0352,1955,4.3358,22.9755,35.9204,N/A,66.6602,102.3851,10,480,732,30,30,808,3,1,13,13,0,0,0,0,0,0,0,0,0,0,450,368,300,1007,1400002C000A01E002DC1E1E03280301000D000D0000000000000000000000000000000001C20170012C03EF
1,1,37,0,289,40076,0,0,0,1,0,2026 NOV 17 05:28:15,2026 NOV 17 05:41:47,2026 NOV 17 05:28:25,2026 NOV 17 05:41:47,N/A,N/A,2026 NOV 17 05:35:45,2026 NOV 17 05:41:47,2026 NOV 17 05:36:15,77.1371,155.715,2026 NOV 17 05:41:17,66.2587,176.9275,2026 NOV 17 05:40:22,45.3285,1978,4.2553,23.0901,35.3526,N/A,65.5734,100.7337,10,480,727,30,30,802,3,1,13,13,0,0,0,0,0,0,0,0,0,0,450,362,300,990,1400002C000A01E002D71E1E03220301000D000D0000000000000000000000000000000001C2016A012C03DE
1,1,38,0,291,40078,0,0,0,1,0,2026 NOV 17 09:24:07,2026 NOV 17 09:37:35,2026 NOV 17 09:24:17,2026 NOV 17 09:37:35,N/A,N/A,2026 NOV 17 09:31:37,2026 NOV 17 09:37:35,2026 NOV 17 09:32:07,77.2076,97.7269,2026 NOV 17 09:37:05,66.7363,119.5803,2026 NOV 17 09:36:11,44.8688,1992,4.2581,23.1665,34.974,N/A,64.8488,99.6328,10,480,724,30,30,798,3,1,13,13,0,0,0,0,0,0,0,0,0,0,450,358,300,979,1400002C000A01E002D41E1E031E0301000D000D0000000000000000000000000000000001C20166012C03D3
1,1,39,0,295,40082,0,0,0,1,0,2026 NOV 17 17:15:41,2026 NOV 17 17:29:02,2026 NOV 17 17:15:51,2026 NOV 17 17:29:02,N/A,N/A,2026 NOV 17 17:23:11,2026 NOV 17 17:29:02,2026 NOV 17 17:23:41,77.5098,-19.1825,2026 NOV 17 17:28:32,67.6942,3.7521,2026 NOV 17 17:27:39,43.9528,2019,4.1853,23.3193,34.3115,N/A,63.5808,97.7061,10,480,718,30,30,791,3,1,13,13,0,0,0,0,0,0,0,0,0,0,450,351,300,959,1400002C000A01E002CE1E1E03170301000D000D0000000000000000000000000000000001C2015F012C03BF
1,1,40,0,297,40084,0,0,0,1,0,2026 NOV 17 21:11:29,2026 NOV 17 21:24:49,2026 NOV 17 21:11:39,2026 NOV 17 21:24:49,N/A,N/A,2026 NOV 17 21:18:59,2026 NOV 17 21:24:49,2026 NOV 17 21:19:29,77.6663,-77.7542,2026 NOV 17 21:24:19,67.8208,-55.3823,2026 NOV 17 21:23:26,43.4943,2035,4.0686,23.3956,34.2169,N/A,63.3997,97.4309,10,480,717,30,30,790,3,1,13,13,0,0,0,0,0,0,0,0,0,0,450,350,300,956,1400002C000A01E002CD1E1E03160301000D000D0000000000000000000000000000000001C2015E012C03BC
1,1,41,0,300,40087,0,0,0,1,0,2026 NOV 18 03:05:07,2026 NOV 18 03:18:21,2026 NOV 18 03:05:17,2026 NOV 18 03:18:21,N/A,N/A,2026 NOV 18 03:12:37,2026 NOV 18 03:18:21,2026 NOV 18 03:13:07,77.8564,-165.4157,2026 NOV 18 03:17:51,68.7798,-141.1469,2026 NOV 18 03:17:00,42.8148,2052,4.0869,23.5101,33.649,N/A,62.3128,95.7794,10,480,713,30,30,784,3,1,13,13,0,0,0,0,0,0,0,0,0,0,450,344,300,940,1400002C000A01E002C91E1E03100301000D000D0000000000000000000000000000000001C20158012C03AC
1,1,42,0,302,40089,0,0,0,1,0,2026 NOV 18 07:00:58,2026 NOV 18 07:14:10,2026 NOV 18 07:01:08,2026 NOV 18 07:14:10,N/A,N/A,2026 NOV 18 07:08:28,2026 NOV 18 07:14:10,2026 NOV 18 07:08:58,78.0364,135.6758,2026 NOV 18 07:13:40,69.3384,161.1104,2026 NOV 18 07:12:50,42.3334,2066,4.0636,23.5864,33.4597,N/A,61.9505,95.229,10,480,712,30,30,782,3,1,13,13,0,0,0,0,0,0,0,0,0,0,450,342,300,935,1400002C000A01E002C81E1E030E0301000D000D0000000000000000000000000000000001C20156012C03A7
1,1,43,0,304,40091,0,0,0,1,0,2026 NOV 18 10:56:47,2026 NOV 18 11:09:56,2026 NOV 18 10:56:57,2026 NOV 18 11:09:56,N/A,N/A,2026 NOV 18 11:04:17,2026 NOV 18 11:09:56,2026 NOV 18 11:04:47,78.0872,77.6466,2026 NOV 18 11:09:26,69.537,102.714,2026 NOV 18 11:08:36,41.8855,2078,3.9958,23.6627,33.1758,N/A,61.4071,94.4032,10,480,709,30,30,779,3,1,13,13,0,0,0,0,0,0,0,0,0,0,450,339,300,926,1400002C000A01E002C51E1E030B0301000D000D0000000000000000000000000000000001C20153012C039E
1,1,44,0,307,40094,0,0,0,1,0,2026 NOV 18 16:50:27,2026 NOV 18 17:03:32,2026 NOV 18 16:50:37,2026 NOV 18 17:03:32,N/A,N/A,2026 NOV 18 16:57:57,2026 NOV 18 17:03:32,2026 NOV 18 16:58:27,78.295,-10.4586,2026 NOV 18 17:03:02,70.1478,15.2865,2026 NOV 18 17:02:13,41.1909,2095,3.9044,23.7772,32.7973,N/A,60.6825,93.3023,10,480,706,30,30,775,3,1,13,13,0,0,0,0,0,0,0,0,0,0,450,335,300,915,1400002C000A01E002C21E1E03070301000D000D0000000000000000000000000000000001C2014F012C0393
1,1,45,0,310,40097,0,0,0,1,0,2026 NOV 18 22:44:12,2026 NOV 18 22:57:14,2026 NOV 18 22:44:22,2026 NOV 18 22:57:14,N/A,N/A,2026 NOV 18 22:51:42,2026 NOV 18 22:57:14,2026 NOV 18 22:52:12,78.4262,-98.1053,2026 NOV 18 22:56:44,70.4723,-72.5555,2026 NOV 18 22:55:55,40.5019,2113,3.7869,23.8916,32.5133,N/A,60.1391,92.4766,10,480,703,30,30,772,3,1,13,13,0,0,0,0,0,0,0,0,0,0,450,332,300,906,1400002C000A01E002BF1E1E03040301000D000D0000000000000000000000000000000001C2014C012C038A
1,1,46,0,313,40100,0,0,0,1,0,2026 NOV 19 04:37:52,2026 NOV 19 04:50:50,2026 NOV 19 04:38:02,2026 NOV 19 04:50:50,N/A,N/A,2026 NOV 19 04:45:22,2026 NOV 19 04:50:50,2026 NOV 19 04:45:52,78.5916,173.8272,2026 NOV 19 04:50:20,70.9168,-160.5121,2026 NOV 19 04:49:32,39.8121,2129,3.6603,24.0059,32.1348,N/A,59.4145,91.3756,10,480,700,30,30,768,3,1,13,13,0,0,0,0,0,0,0,0,0,0,450,328,300,895,1400002C000A01E002BC1E1E03000301000D000D0000000000000000000000000000000001C20148012C037F
1,1,47,0,315,40102,0,0,0,1,0,2026 NOV 19 08:33:46,2026 NOV 19 08:46:41,2026 NOV 19 08:33:56,2026 NOV 19 08:46:41,N/A,N/A,2026 NOV 19 08:41:16,2026 NOV 19 08:46:41,2026 NOV 19 08:41:46,78.6604,115.3988,2026 NOV 19 08:46:11,71.3873,141.8542,2026 NOV 19 08:45:24,39.3331,2140,3.6447,24.0822,31.8508,N/A,58.8711,90.5499,10,480,698,30,30,765,3,1,13,13,0,0,0,0,0,0,0,0,0,0,450,325,300,1142,1400002C000A01E002BA1E1E02FD0301000D000D0000000000000000000000000000000001C20145012C0476
1,1,48,0,317,40104,0,0,0,1,0,2026 NOV 19 12:29:30,2026 NOV 19 12:42:24,2026 NOV 19 12:29:40,2026 NOV 19 12:42:24,N/A,N/A,2026 NOV 19 12:37:00,2026 NOV 19 12:42:24,2026 NOV 19 12:37:30,78.73,56.9552,2026 NOV 19 12:41:54,71.5022,83.1293,2026 NOV 19 12:41:07,38.8932,2151,3.5542,24.1584,31.7562,N/A,58.69,90.2747,10,480,697,30,30,764,3,1,13,13,0,0,0,0,0,0,0,0,0,0,450,324,300,1139,1400002C000A01E002B91E1E02FC0301000D000D0000000000000000000000000000000001C20144012C0473
1,1,49,0,319,40106,0,0,0,1,0,2026 NOV 19 16:25:18,2026 NOV 19 16:38:09,2026 NOV 19 16:25:28,2026 NOV 19 16:38:09,N/A,N/A,2026 NOV 19 16:32:48,2026 NOV 19 16:38:09,2026 NOV 19 16:33:18,78.8214,-1.8107,2026 NOV 19 16:37:39,72.0479,25.4376,2026 NOV 19 16:36:52,38.4289,2159,3.5331,24.2346,31.4723,N/A,58.1465,89.449,10,480,694,30,30,761,3,1,13,13,0,0,0,0,0,0,0,0,0,0,450,321,300,1130,1400002C000A01E002B61E1E02F90301000D000D0000000000000000000000000000000001C20141012C046A
1,1,50,0,321,40108,0,0,0,1,0,2026 NOV 19 20:21:11,2026 NOV 19 20:34:00,2026 NOV 19 20:21:21,2026 NOV 19 20:34:00,N/A,N/A,2026 NOV 19 20:28:41,2026 NOV 19 20:34:00,2026 NOV 19 20:29:11,78.8797,-60.2924,2026 NOV 19 20:33:30,72.248,-33.1506,2026 NOV 19 20:32:44,37.9625,2170,3.4539,24.3108,31.283,N/A,57.7843,88.8985,10,480,693,30,30,759,3,1,13,13,0,0,0,0,0,0,0,0,0,0,450,319,300,1125,1400002C000A01E002B51E1E02F70301000D000D0000000000000000000000000000000001C2013F012C0465
1,1,51,0,323,40110,0,0,0,1,0,2026 NOV 20 00:16:56,2026 NOV 20 00:29:44,2026 NOV 20 00:17:06,2026 NOV 20 00:29:44,N/A,N/A,2026 NOV 20 00:24:26,2026 NOV 20 00:29:44,2026 NOV 20 00:24:56,78.9368,-118.7864,2026 NOV 20 00:29:14,72.4115,-91.6962,2026 NOV 20 00:28:28,37.5098,2180,3.3756,24.387,31.1883,N/A,57.6031,88.6232,10,480,692,30,30,758,3,1,13,13,0,0,0,0,0,0,0,0,0,0,450,318,300,1122,1400002C000A01E002B41E1E02F60301000D000D0000000000000000000000000000000001C2013E012C0462
1,1,52,0,324,40111,0,0,0,1,0,2026 NOV 20 02:14:49,2026 NOV 20 02:27:35,2026 NOV 20 02:14:59,2026 NOV 20 02:27:35,N/A,N/A,2026 NOV 20 02:22:19,2026 NOV 20 02:27:35,2026 NOV 20 02:22:49,78.9562,-147.9393,2026 NOV 20 02:27:05,72.8662,-119.6601,2026 NOV 20 02:26:20,37.2845,2183,3.4236,24.425,30.9991,N/A,57.2408,88.0728,10,480,691,30,30,756,3,1,13,13,0,0,0,0,0,0,0,0,0,0,450,316,300,1117,1400002C000A01E002B31E1E02F40301000D000D0000000000000000000000000000000001C2013C012C045D
1,1,53,0,327,40114,0,0,0,1,0,2026 NOV 20 08:08:36,2026 NOV 20 08:21:19,2026 NOV 20 08:08:46,2026 NOV 20 08:21:19,N/A,N/A,2026 NOV 20 08:16:06,2026 NOV 20 08:21:19,2026 NOV 20 08:16:36,79.0779,123.5695,2026 NOV 20 08:20:49,73.1212,151.503,2026 NOV 20 08:20:04,36.5754,2198,3.2403,24.5393,30.7151,N/A,56.6974,87.2471,10,480,688,30,30,753,3,1,13,13,0,0,0,0,0,0,0,0,0,0,450,313,300,1108,1400002C000A01E002B01E1E02F10301000D000D0000000000000000000000000000000001C20139012C0454
1,1,54,0,331,40118,0,0,0,1,0,2026 NOV 20 16:00:09,2026 NOV 20 16:12:48,2026 NOV 20 16:00:19,2026 NOV 20 16:12:48,N/A,N/A,2026 NOV 20 16:07:39,2026 NOV 20 16:12:48,2026 NOV 20 16:08:09,79.1614,6.4291,2026 NOV 20 16:12:18,73.6812,34.8428,2026 NOV 20 16:11:34,35.6699,2214,3.1128,24.6915,30.3366,N/A,55.9728,86.1461,10,480,685,30,30,749,3,1,13,13,0,0,0,0,0,0,0,0,0,0,450,309,300,1097,1400002C000A01E002AD1E1E02ED0301000D000D0000000000000000000000000000000001C20135012C0449
1,1,55,0,332,40119,0,0,0,1,0,2026 NOV 20 17:58:06,2026 NOV 20 18:10:45,2026 NOV 20 17:58:16,2026 NOV 20 18:10:45,N/A,N/A,2026 NOV 20 18:05:36,2026 NOV 20 18:10:45,2026 NOV 20 18:06:06,79.1817,-22.9185,2026 NOV 20 18:10:15,73.4705,4.5394,2026 NOV 20 18:09:30,35.4351,2219,3.0061,24.7296,30.3366,N/A,55.9728,86.1461,10,480,684,30,30,749,3,1,13,13,0,0,0,0,0,0,0,0,0,0,450,309,300,1096,1400002C000A01E002AC1E1E02ED0301000D000D0000000000000000000000000000000001C20135012C0448
1,1,56,0,334,40121,0,0,0,1,0,2026 NOV 20 21:53:58,2026 NOV 20 22:06:35,2026 NOV 20 21:54:08,2026 NOV 20 22:06:35,N/A,N/A,2026 NOV 20 22:01:28,2026 NOV 20 22:06:35,2026 NOV 20 22:01:58,79.2087,-81.4237,2026 NOV 20 22:06:05,74.1069,-52.4884,2026 NOV 20 22:05:21,34.9724,2228,3.0308,24.8057,30.1473,N/A,55.6106,85.5956,10,480,683,30,30,747,3,1,13,13,0,0,0,0,0,0,0,0,0,0,450,307,300,1091,1400002C000A01E002AB1E1E02EB0301000D000D0000000000000000000000000000000001C20133012C0443
1,1,57,0,336,40123,0,0,0,1,0,2026 NOV 21 01:49:44,2026 NOV 21 02:02:19,2026 NOV 21 01:49:54,2026 NOV 21 02:02:19,N/A,N/A,2026 NOV 21 01:57:14,2026 NOV 21 02:02:19,2026 NOV 21 01:57:44,79.2205,-139.6705,2026 NOV 21 02:01:49,74.254,-110.9832,2026 NOV 21 02:01:05,34.5198,2235,2.9558,24.8817,29.958,N/A,55.2483,85.0451,10,480,681,30,30,745,3,1,13,13,0,0,0,0,0,0,0,0,0,0,450,305,300,1085,1400002C000A01E002A91E1E02E90301000D000D0000000000000000000000000000000001C20131012C043D
1,1,58,0,339,40126,0,0,0,1,0,2026 NOV 21 07:43:29,2026 NOV 21 07:56:02,2026 NOV 21 07:43:39,2026 NOV 21 07:56:02,N/A,N/A,2026 NOV 21 07:50:59,2026 NOV 21 07:56:02,2026 NOV 21 07:51:29,79.285,131.6908,2026 NOV 21 07:55:32,74.3687,159.8959,2026 NOV 21 07:54:49,33.8155,2248,2.7533,24.9958,29.7687,N/A,54.886,84.4947,10,480,680,30,30,743,3,1,13,13,0,0,0,0,0,0,0,0,0,0,450,303,300,1080,1400002C000A01E002A81E1E02E70301000D000D0000000000000000000000000000000001C2012F012C0438
1,1,59,0,340,40127,0,0,0,1,0,2026 NOV 21 09:41:26,2026 NOV 21 09:53:58,2026 NOV 21 09:41:36,2026 NOV 21 09:53:58,N/A,N/A,2026 NOV 21 09:48:56,2026 NOV 21 09:53:58,2026 NOV 21 09:49:26,79.2834,102.6286,2026 NOV 21 09:53:28,74.5242,130.9653,2026 NOV 21 09:52:45,33.5782,2252,2.7383,25.0339,29.6741,N/A,54.7048,84.2194,10,480,679,30,30,742,3,1,13,13,0,0,0,0,0,0,0,0,0,0,450,302,300,1077,1400002C000A01E002A71E1E02E60301000D000D0000000000000000000000000000000001C2012E012C0435
