Orbit 80/40 or 60/60 or OFF (1-11 = 80/40; 101-111 = 60/60; 12 = switch off),Orbit type,Egress solar occultation observation number,Merged Occultation (YES = 1; NO = 0),Thermal orbit/nightside number,ESA orbit number,LNO+UVIS operating (YES = 1; NO = 0),UVIS alone operating (YES = 1; NO = 0),LNO alone operating (YES = 1; NO = 0),SO+UVIS operating (YES = 1; NO = 0),SO alone operating (YES = 1; NO = 0),TC20 execution start time (UTC),TC20 execution end time (UTC),SO start time (UTC),SO end time (UTC),LNO start time (UTC),LNO end time (UTC),UVIS start time (UTC),UVIS end time (UTC),Limb Height 250 km (UTC),Latitude probed @ limb height 250 km (deg),Longitude probed @ limb height 250 km (deg),Limb Height 0 km (UTC),Latitude probed @ limb height 0 km (deg),Longitude probed @ limb height 0 km (deg),Limb Height 50 km: switch SCI1 to SCI2 (UTC),Beta angle (deg),Eclipse duration (Umbra end - Umbra start) (s),Local Solar Time (LST): TGO2SUN vector surface intercept point @ limb height 0 km (h),Solar longitude Ls (deg),SO+SINBAD data volume (Mbit),LNO+SINBAD data volume (Mbit),UVIS+SINBAD data volume (Mbit),Channel(s)+SINBAD data volume (Mbit),TC20 SO_START_TIME,TC20 SO_START_SCIENCE_1,TC20 SO_START_SCIENCE_2,TC20 SO_DURATION_REFERENCE_1,TC20 SO_DURATION_REFERENCE_2,TC20 SO_DURATION_TIME,TC20 SO_COP_GENERAL,TC20 SO_COP_PRECOOLING,TC20 SO_COP_SCIENCE_1,TC20 SO_COP_SCIENCE_2,TC20 LNO_START_TIME,TC20 LNO_START_SCIENCE_1,TC20 LNO_START_SCIENCE_2,TC20 LNO_DURATION_REFERENCE_1,TC20 LNO_DURATION_REFERENCE_2,TC20 LNO_DURATION_TIME,TC20 LNO_COP_GENERAL,TC20 LNO_COP_PRECOOLING,TC20 LNO_COP_SCIENCE_1,TC20 LNO_COP_SCIENCE_2,TC20 UVIS_START_TIME,TC20 UVIS_DURATION_TIME,TC20 UVIS_COP_ROW,TC20 CHECKSUM,TC20 (HEX)
1,1,1,0,213,40000,0,0,0,1,0,2026 NOV 11 00:30:47,2026 NOV 11 00:52:14,2026 NOV 11 00:30:57,2026 NOV 11 00:52:14,N/A,N/A,2026 NOV 11 00:38:17,2026 NOV 11 00:52:14,2026 NOV 11 00:51:44,-43.234,-135.5651,2026 NOV 11 00:38:47,-2.8685,-140.5313,2026 NOV 11 00:42:15,62.7411,528,6.0006,20.1806,80.3076,N/A,151.6157,231.4717,10,480,688,30,30,1277,3,1,13,13,0,0,0,0,0,0,0,0,0,0,450,837,300,1136,1400002C000A01E002B01E1E04FD0301000D000D0000000000000000000000000000000001C20345012C0470
1,1,2,0,214,40001,0,0,0,1,0,2026 NOV 11 02:29:21,2026 NOV 11 02:50:20,2026 NOV 11 02:29:31,2026 NOV 11 02:50:20,N/A,N/A,2026 NOV 11 02:36:51,2026 NOV 11 02:50:20,2026 NOV 11 02:49:50,-43.6937,-164.1594,2026 NOV 11 02:37:21,-4.9334,-169.1643,2026 NOV 11 02:40:33,62.4954,600,6.0153,20.2194,77.6576,N/A,146.5438,223.765,10,480,672,30,30,1249,3,1,13,13,0,0,0,0,0,0,0,0,0,0,450,809,300,1064,1400002C000A01E002A01E1E04E10301000D000D0000000000000000000000000000000001C20329012C0428
1,1,3,0,218,40005,0,0,0,1,0,2026 NOV 11 10:22:54,2026 NOV 11 10:42:34,2026 NOV 11 10:23:04,2026 NOV 11 10:42:34,N/A,N/A,2026 NOV 11 10:30:24,2026 NOV 11 10:42:34,2026 NOV 11 10:42:04,-45.6609,81.5711,2026 NOV 11 10:30:54,-11.3624,76.8211,2026 NOV 11 10:33:29,61.6191,810,6.0975,20.374,70.1809,N/A,132.2336,202.0212,10,480,635,30,30,1170,3,1,13,13,0,0,0,0,0,0,0,0,0,0,450,730,300,1124,1400002C000A01E0027B1E1E04920301000D000D0000000000000000000000000000000001C202DA012C0464
1,1,4,0,219,40006,0,0,0,1,0,2026 NOV 11 12:21:08,2026 NOV 11 12:40:34,2026 NOV 11 12:21:18,2026 NOV 11 12:40:34,N/A,N/A,2026 NOV 11 12:28:38,2026 NOV 11 12:40:34,2026 NOV 11 12:40:04,-45.8722,52.9365,2026 NOV 11 12:29:08,-12.4263,47.9385,2026 NOV 11 12:31:38,61.3762,848,6.0906,20.4126,68.8559,N/A,129.6976,198.1679,10,480,630,30,30,1156,3,1,13,13,0,0,0,0,0,0,0,0,0,0,450,716,300,1091,1400002C000A01E002761E1E04840301000D000D0000000000000000000000000000000001C202CC012C0443
1,1,5,0,221,40008,0,0,0,1,0,2026 NOV 11 16:17:43,2026 NOV 11 16:36:44,2026 NOV 11 16:17:53,2026 NOV 11 16:36:44,N/A,N/A,2026 NOV 11 16:25:13,2026 NOV 11 16:36:44,2026 NOV 11 16:36:14,-46.5816,-4.2775,2026 NOV 11 16:25:43,-14.6115,-9.3692,2026 NOV 11 16:28:03,60.9061,919,6.1083,20.4898,66.4899,N/A,125.169,191.287,10,480,620,30,30,1131,3,1,13,13,0,0,0,0,0,0,0,0,0,0,450,691,300,1031,1400002C000A01E0026C1E1E046B0301000D000D0000000000000000000000000000000001C202B3012C0407
1,1,6,0,223,40010,0,0,0,1,0,2026 NOV 11 20:14:14,2026 NOV 11 20:32:52,2026 NOV 11 20:14:24,2026 NOV 11 20:32:52,N/A,N/A,2026 NOV 11 20:21:44,2026 NOV 11 20:32:52,2026 NOV 11 20:32:22,-47.6028,-61.3695,2026 NOV 11 20:22:14,-16.9535,-66.4202,2026 NOV 11 20:24:25,60.4686,990,6.1425,20.567,64.3131,N/A,121.0028,184.9565,10,480,611,30,30,1108,3,1,13,13,0,0,0,0,0,0,0,0,0,0,450,668,300,976,1400002C000A01E002631E1E04540301000D000D0000000000000000000000000000000001C2029C012C03D0
1,1,7,0,224,40011,0,0,0,1,0,2026 NOV 11 22:12:24,2026 NOV 11 22:30:52,2026 NOV 11 22:12:34,2026 NOV 11 22:30:52,N/A,N/A,2026 NOV 11 22:19:54,2026 NOV 11 22:30:52,2026 NOV 11 22:30:22,-47.9801,-89.9396,2026 NOV 11 22:20:24,-17.8797,-94.7359,2026 NOV 11 22:22:31,60.2506,1020,6.1719,20.6055,63.3667,N/A,119.1913,182.2041,10,480,607,30,30,1098,3,1,13,13,0,0,0,0,0,0,0,0,0,0,450,658,300,952,1400002C000A01E0025F1E1E044A0301000D000D0000000000000000000000000000000001C20292012C03B8
1,1,8,0,226,40013,0,0,0,1,0,2026 NOV 12 02:08:44,2026 NOV 12 02:26:49,2026 NOV 12 02:08:54,2026 NOV 12 02:26:49,N/A,N/A,2026 NOV 12 02:16:14,2026 NOV 12 02:26:49,2026 NOV 12 02:26:19,-48.2851,-147.2203,2026 NOV 12 02:16:44,-19.5481,-152.2474,2026 NOV 12 02:18:44,59.7717,1081,6.1725,20.6826,61.1899,N/A,115.0251,175.8736,10,480,600,30,30,1075,3,1,13,13,0,0,0,0,0,0,0,0,0,0,450,635,300,899,1400002C000A01E002581E1E04330301000D000D0000000000000000000000000000000001C2027B012C0383
1,1,9,0,230,40017,0,0,0,1,0,2026 NOV 12 10:01:30,2026 NOV 12 10:19:02,2026 NOV 12 10:01:40,2026 NOV 12 10:19:02,N/A,N/A,2026 NOV 12 10:09:00,2026 NOV 12 10:19:02,2026 NOV 12 10:18:32,-50.0971,98.5969,2026 NOV 12 10:09:30,-23.3374,93.2993,2026 NOV 12 10:11:19,58.8802,1194,6.2128,20.8368,58.0667,N/A,109.0474,166.7908,10,480,589,30,30,1042,3,1,13,13,0,0,0,0,0,0,0,0,0,0,450,602,300,822,1400002C000A01E0024D1E1E04120301000D000D0000000000000000000000000000000001C2025A012C0336
1,1,10,0,231,40018,0,0,0,1,0,2026 NOV 12 11:59:34,2026 NOV 12 12:16:57,2026 NOV 12 11:59:44,2026 NOV 12 12:16:57,N/A,N/A,2026 NOV 12 12:07:04,2026 NOV 12 12:16:57,2026 NOV 12 12:16:27,-50.1808,69.9509,2026 NOV 12 12:07:34,-23.9246,64.7697,2026 NOV 12 12:09:21,58.6464,1217,6.2264,20.8753,57.2149,N/A,107.4171,164.3137,10,480,587,30,30,1033,3,1,13,13,0,0,0,0,0,0,0,0,0,0,450,593,300,802,1400002C000A01E0024B1E1E04090301000D000D0000000000000000000000000000000001C20251012C0322
1,1,11,0,233,40020,0,0,0,1,0,2026 NOV 12 15:55:53,2026 NOV 12 16:13:03,2026 NOV 12 15:56:03,2026 NOV 12 16:13:03,N/A,N/A,2026 NOV 12 16:03:23,2026 NOV 12 16:13:03,2026 NOV 12 16:12:33,-50.709,12.7364,2026 NOV 12 16:03:53,-25.2252,7.6877,2026 NOV 12 16:05:36,58.1708,1259,6.2553,20.9523,55.9846,N/A,105.0623,160.7356,10,480,583,30,30,1020,3,1,13,13,0,0,0,0,0,0,0,0,0,0,450,580,300,1027,1400002C000A01E002471E1E03FC0301000D000D0000000000000000000000000000000001C20244012C0403
1,1,12,0,235,40022,0,0,0,1,0,2026 NOV 12 19:52:10,2026 NOV 12 20:09:08,2026 NOV 12 19:52:20,2026 NOV 12 20:09:08,N/A,N/A,2026 NOV 12 19:59:40,2026 NOV 12 20:09:08,2026 NOV 12 20:08:38,-51.5014,-44.3594,2026 NOV 12 20:00:10,-26.8455,-50.1256,2026 NOV 12 20:01:50,57.7215,1306,6.2347,21.0293,54.8489,N/A,102.8886,157.4327,10,480,580,30,30,1008,3,1,13,13,0,0,0,0,0,0,0,0,0,0,450,568,300,1000,1400002C000A01E002441E1E03F00301000D000D0000000000000000000000000000000001C20238012C03E8
1,1,13,0,238,40025,0,0,0,1,0,2026 NOV 13 01:46:22,2026 NOV 13 02:03:00,2026 NOV 13 01:46:32,2026 NOV 13 02:03:00,N/A,N/A,2026 NOV 13 01:53:52,2026 NOV 13 02:03:00,2026 NOV 13 02:02:30,-52.0397,-130.1938,2026 NOV 13 01:54:22,-28.5442,-135.7968,2026 NOV 13 01:55:57,57.0392,1365,6.27,21.1447,52.956,N/A,99.2657,151.928,10,480,575,30,30,988,3,1,13,13,0,0,0,0,0,0,0,0,0,0,450,548,300,955,1400002C000A01E0023F1E1E03DC0301000D000D0000000000000000000000000000000001C20224012C03BB
1,1,14,0,239,40026,0,0,0,1,0,2026 NOV 13 03:44:31,2026 NOV 13 04:01:03,2026 NOV 13 03:44:41,2026 NOV 13 04:01:03,N/A,N/A,2026 NOV 13 03:52:01,2026 NOV 13 04:01:03,2026 NOV 13 04:00:33,-52.3407,-158.7742,2026 NOV 13 03:52:31,-29.2023,-164.3425,2026 NOV 13 03:54:04,56.7949,1385,6.2839,21.1832,52.3882,N/A,98.1789,150.2765,10,480,573,30,30,982,3,1,13,13,0,0,0,0,0,0,0,0,0,0,450,542,300,941,1400002C000A01E0023D1E1E03D60301000D000D0000000000000000000000000000000001C2021E012C03AD
1,1,15,0,241,40028,0,0,0,1,0,2026 NOV 13 07:40:50,2026 NOV 13 07:57:13,2026 NOV 13 07:41:00,2026 NOV 13 07:57:13,N/A,N/A,2026 NOV 13 07:48:20,2026 NOV 13 07:57:13,2026 NOV 13 07:56:43,-53.2804,144.2074,2026 NOV 13 07:48:50,-30.7284,138.447,2026 NOV 13 07:50:20,56.3419,1425,6.3042,21.2602,51.5364,N/A,96.5486,147.7994,10,480,570,30,30,973,3,1,13,13,0,0,0,0,0,0,0,0,0,0,450,533,300,920,1400002C000A01E0023A1E1E03CD0301000D000D0000000000000000000000000000000001C20215012C0398
1,1,16,0,245,40032,0,0,0,1,0,2026 NOV 13 15:33:03,2026 NOV 13 15:49:05,2026 NOV 13 15:33:13,2026 NOV 13 15:49:05,N/A,N/A,2026 NOV 13 15:40:33,2026 NOV 13 15:49:05,2026 NOV 13 15:48:35,-53.9615,29.7713,2026 NOV 13 15:41:03,-32.6296,24.3262,2026 NOV 13 15:42:28,55.4253,1490,6.3578,21.4139,49.5489,N/A,92.7446,142.0194,10,480,565,30,30,952,3,1,13,13,0,0,0,0,0,0,0,0,0,0,450,512,300,873,1400002C000A01E002351E1E03B80301000D000D0000000000000000000000000000000001C20200012C0369
1,1,17,0,247,40034,0,0,0,1,0,2026 NOV 13 19:29:16,2026 NOV 13 19:45:10,2026 NOV 13 19:29:26,2026 NOV 13 19:45:10,N/A,N/A,2026 NOV 13 19:36:46,2026 NOV 13 19:45:10,2026 NOV 13 19:44:40,-54.6028,-27.3316,2026 NOV 13 19:37:16,-33.8223,-33.0789,2026 NOV 13 19:38:39,54.9673,1523,6.3633,21.4908,48.7918,N/A,91.2955,139.8175,10,480,563,30,30,944,3,1,13,13,0,0,0,0,0,0,0,0,0,0,450,504,300,1110,1400002C000A01E002331E1E03B00301000D000D0000000000000000000000000000000001C201F8012C0456
1,1,18,0,250,40037,0,0,0,1,0,2026 NOV 14 01:23:21,2026 NOV 14 01:39:02,2026 NOV 14 01:23:31,2026 NOV 14 01:39:02,N/A,N/A,2026 NOV 14 01:30:51,2026 NOV 14 01:39:02,2026 NOV 14 01:38:32,-55.2105,-113.0807,2026 NOV 14 01:31:21,-35.2209,-118.791,2026 NOV 14 01:32:41,54.2933,1567,6.3942,21.606,47.5614,N/A,88.9407,136.2394,10,480,560,30,30,931,3,1,13,13,0,0,0,0,0,0,0,0,0,0,450,491,300,1081,1400002C000A01E002301E1E03A30301000D000D0000000000000000000000000000000001C201EB012C0439
1,1,19,0,254,40041,0,0,0,1,0,2026 NOV 14 09:15:42,2026 NOV 14 09:31:09,2026 NOV 14 09:15:52,2026 NOV 14 09:31:09,N/A,N/A,2026 NOV 14 09:23:12,2026 NOV 14 09:31:09,2026 NOV 14 09:30:39,-56.4546,132.7704,2026 NOV 14 09:23:42,-37.4977,126.1188,2026 NOV 14 09:24:59,53.3651,1628,6.3853,21.7597,46.2364,N/A,86.4047,132.3861,10,480,557,30,30,917,3,1,13,13,0,0,0,0,0,0,0,0,0,0,450,477,300,1050,1400002C000A01E0022D1E1E03950301000D000D0000000000000000000000000000000001C201DD012C041A
1,1,20,0,258,40045,0,0,0,1,0,2026 NOV 14 17:07:48,2026 NOV 14 17:23:00,2026 NOV 14 17:07:58,2026 NOV 14 17:23:00,N/A,N/A,2026 NOV 14 17:15:18,2026 NOV 14 17:23:00,2026 NOV 14 17:22:30,-56.96,18.3159,2026 NOV 14 17:15:48,-38.9056,11.9346,2026 NOV 14 17:17:01,52.4362,1676,6.4328,21.9132,44.8168,N/A,83.6875,128.2575,10,480,553,30,30,902,3,1,13,13,0,0,0,0,0,0,0,0,0,0,450,462,300,1016,1400002C000A01E002291E1E03860301000D000D0000000000000000000000000000000001C201CE012C03F8
1,1,21,0,260,40047,0,0,0,1,0,2026 NOV 14 21:03:55,2026 NOV 14 21:19:01,2026 NOV 14 21:04:05,2026 NOV 14 21:19:01,N/A,N/A,2026 NOV 14 21:11:25,2026 NOV 14 21:19:01,2026 NOV 14 21:18:31,-57.5541,-38.7305,2026 NOV 14 21:11:55,-39.8692,-44.9891,2026 NOV 14 21:13:07,51.9831,1703,6.4689,21.99,44.249,N/A,82.6007,126.6061,10,480,552,30,30,896,3,1,13,13,0,0,0,0,0,0,0,0,0,0,450,456,300,1003,1400002C000A01E002281E1E03800301000D000D0000000000000000000000000000000001C201C8012C03EB
1,1,22,0,262,40049,0,0,0,1,0,2026 NOV 15 00:59:52,2026 NOV 15 01:14:52,2026 NOV 15 01:00:02,2026 NOV 15 01:14:52,N/A,N/A,2026 NOV 15 01:07:22,2026 NOV 15 01:14:52,2026 NOV 15 01:14:22,-57.7878,-95.9396,2026 NOV 15 01:07:52,-40.5923,-102.8672,2026 NOV 15 01:09:03,51.5364,1724,6.4386,22.0667,43.6811,N/A,81.5138,124.9546,10,480,551,30,30,890,3,1,13,13,0,0,0,0,0,0,0,0,0,0,450,450,300,990,1400002C000A01E002271E1E037A0301000D000D0000000000000000000000000000000001C201C2012C03DE
1,1,23,0,264,40051,0,0,0,1,0,2026 NOV 15 04:55:58,2026 NOV 15 05:10:51,2026 NOV 15 04:56:08,2026 NOV 15 05:10:51,N/A,N/A,2026 NOV 15 05:03:28,2026 NOV 15 05:10:51,2026 NOV 15 05:10:21,-58.0726,-153.147,2026 NOV 15 05:03:58,-41.3035,-159.9693,2026 NOV 15 05:05:07,51.0531,1749,6.4625,22.1434,43.0186,N/A,80.2458,123.028,10,480,549,30,30,883,3,1,13,13,0,0,0,0,0,0,0,0,0,0,450,443,300,974,1400002C000A01E002251E1E03730301000D000D0000000000000000000000000000000001C201BB012C03CE
1,1,24,0,266,40053,0,0,0,1,0,2026 NOV 15 08:52:07,2026 NOV 15 09:06:56,2026 NOV 15 08:52:17,2026 NOV 15 09:06:56,N/A,N/A,2026 NOV 15 08:59:37,2026 NOV 15 09:06:56,2026 NOV 15 09:06:26,-58.7657,149.8827,2026 NOV 15 09:00:07,-42.3243,142.7884,2026 NOV 15 09:01:15,50.5974,1773,6.4778,22.2201,42.64,N/A,79.5213,121.927,10,480,548,30,30,879,3,1,13,13,0,0,0,0,0,0,0,0,0,0,450,439,300,965,1400002C000A01E002241E1E036F0301000D000D0000000000000000000000000000000001C201B7012C03C5
1,1,25,0,268,40055,0,0,0,1,0,2026 NOV 15 12:48:02,2026 NOV 15 13:02:44,2026 NOV 15 12:48:12,2026 NOV 15 13:02:44,N/A,N/A,2026 NOV 15 12:55:32,2026 NOV 15 13:02:44,2026 NOV 15 13:02:14,-58.9651,92.6782,2026 NOV 15 12:56:02,-42.8871,86.0014,2026 NOV 15 12:57:09,50.157,1792,6.5197,22.2967,41.9775,N/A,78.2533,120.0004,10,480,547,30,30,872,3,1,13,13,0,0,0,0,0,0,0,0,0,0,450,432,300,950,1400002C000A01E002231E1E03680301000D000D0000000000000000000000000000000001C201B0012C03B6
1,1,26,0,271,40058,0,0,0,1,0,2026 NOV 15 18:42:11,2026 NOV 15 18:56:46,2026 NOV 15 18:42:21,2026 NOV 15 18:56:46,N/A,N/A,2026 NOV 15 18:49:41,2026 NOV 15 18:56:46,2026 NOV 15 18:56:16,-59.4249,6.9023,2026 NOV 15 18:50:11,-43.8575,0.08774,2026 NOV 15 18:51:16,49.444,1821,6.5381,22.4117,41.315,N/A,76.9853,118.0737,10,480,545,30,30,865,3,1,13,13,0,0,0,0,0,0,0,0,0,0,450,425,300,934,1400002C000A01E002211E1E03610301000D000D0000000000000000000000000000000001C201A9012C03A6
1,1,27,0,272,40059,0,0,0,1,0,2026 NOV 15 20:40:13,2026 NOV 15 20:54:46,2026 NOV 15 20:40:23,2026 NOV 15 20:54:46,N/A,N/A,2026 NOV 15 20:47:43,2026 NOV 15 20:54:46,2026 NOV 15 20:54:16,-59.7026,-21.5995,2026 NOV 15 20:48:13,-44.2733,-28.3878,2026 NOV 15 20:49:18,49.2185,1832,6.555,22.4501,41.1258,N/A,76.623,117.5232,10,480,545,30,30,863,3,1,13,13,0,0,0,0,0,0,0,0,0,0,450,423,300,930,1400002C000A01E002211E1E035F0301000D000D0000000000000000000000000000000001C201A7012C03A2
1,1,28,0,274,40061,0,0,0,1,0,2026 NOV 16 00:36:10,2026 NOV 16 00:50:38,2026 NOV 16 00:36:20,2026 NOV 16 00:50:38,N/A,N/A,2026 NOV 16 00:43:40,2026 NOV 16 00:50:38,2026 NOV 16 00:50:08,-60.0453,-78.7088,2026 NOV 16 00:44:10,-44.8515,-84.939,2026 NOV 16 00:45:13,48.7748,1850,6.6131,22.5267,40.6526,N/A,75.7173,116.147,10,480,543,30,30,858,3,1,13,13,0,0,0,0,0,0,0,0,0,0,450,418,300,918,1400002C000A01E0021F1E1E035A0301000D000D0000000000000000000000000000000001C201A2012C0396
1,1,29,0,279,40066,0,0,0,1,0,2026 NOV 16 10:26:17,2026 NOV 16 10:40:34,2026 NOV 16 10:26:27,2026 NOV 16 10:40:34,N/A,N/A,2026 NOV 16 10:33:47,2026 NOV 16 10:40:34,2026 NOV 16 10:40:04,-60.9626,138.5299,2026 NOV 16 10:34:17,-46.688,131.2702,2026 NOV 16 10:35:18,47.6114,1897,6.6017,22.7182,39.6115,N/A,73.7247,113.1194,10,480,541,30,30,847,3,1,13,13,0,0,0,0,0,0,0,0,0,0,450,407,300,894,1400002C000A01E0021D1E1E034F0301000D000D0000000000000000000000000000000001C20197012C037E
1,1,30,0,280,40067,0,0,0,1,0,2026 NOV 16 12:24:12,2026 NOV 16 12:38:26,2026 NOV 16 12:24:22,2026 NOV 16 12:38:26,N/A,N/A,2026 NOV 16 12:31:42,2026 NOV 16 12:38:26,2026 NOV 16 12:37:56,-61.0035,109.9051,2026 NOV 16 12:32:12,-46.8816,102.8513,2026 NOV 16 12:33:13,47.392,1905,6.6203,22.7564,39.3276,N/A,73.1813,112.2937,10,480,541,30,30,844,3,1,13,13,0,0,0,0,0,0,0,0,0,0,450,404,300,888,1400002C000A01E0021D1E1E034C0301000D000D0000000000000000000000000000000001C20194012C0378
1,1,31,0,283,40070,0,0,0,1,0,2026 NOV 16 18:18:15,2026 NOV 16 18:32:23,2026 NOV 16 18:18:25,2026 NOV 16 18:32:23,N/A,N/A,2026 NOV 16 18:25:45,2026 NOV 16 18:32:23,2026 NOV 16 18:31:53,-61.2737,24.0601,2026 NOV 16 18:26:15,-47.6566,16.5352,2026 NOV 16 18:27:15,46.6797,1930,6.6103,22.8712,38.7597,N/A,72.0945,110.6423,10,480,540,30,30,838,3,1,13,13,0,0,0,0,0,0,0,0,0,0,450,398,300,875,1400002C000A01E0021C1E1E03460301000D000D0000000000000000000000000000000001C2018E012C036B
1,1,32,0,285,40072,0,0,0,1,0,2026 NOV 16 22:14:17,2026 NOV 16 22:28:22,2026 NOV 16 22:14:27,2026 NOV 16 22:28:22,N/A,N/A,2026 NOV 16 22:21:47,2026 NOV 16 22:28:22,2026 NOV 16 22:27:52,-61.7567,-32.9302,2026 NOV 16 22:22:17,-48.3416,-40.2597,2026 NOV 16 22:23:16,46.2245,1947,6.6533,22.9478,38.4758,N/A,71.551,109.8166,10,480,539,30,30,835,3,1,13,13,0,0,0,0,0,0,0,0,0,0,450,395,300,868,1400002C000A01E0021B1E1E03430301000D000D0000000000000000000000000000000001C2018B012C0364
1,1,33,0,286,40073,0,0,0,1,0,2026 NOV 17 00:12:14,2026 NOV 17 00:26:18,2026 NOV 17 00:12:24,2026 NOV 17 00:26:18,N/A,N/A,2026 NOV 17 00:19:44,2026 NOV 17 00:26:18,2026 NOV 17 00:25:48,-61.9141,-61.4738,2026 NOV 17 00:20:14,-48.6522,-69.1794,2026 NOV 17 00:21:13,46.0027,1955,6.6392,22.986,38.3811,N/A,71.3699,109.5413,10,480,539,30,30,834,3,1,13,13,0,0,0,0,0,0,0,0,0,0,450,394,300,866,1400002C000A01E0021B1E1E03420301000D000D0000000000000000000000000000000001C2018A012C0362
1,1,34,0,289,40076,0,0,0,1,0,2026 NOV 17 06:06:13,2026 NOV 17 06:20:09,2026 NOV 17 06:06:23,2026 NOV 17 06:20:09,N/A,N/A,2026 NOV 17 06:13:43,2026 NOV 17 06:20:09,2026 NOV 17 06:19:39,-62.0674,-147.3717,2026 NOV 17 06:14:13,-49.3281,-155.1692,2026 NOV 17 06:15:11,45.2934,1978,6.65,23.1008,37.624,N/A,69.9208,107.3394,10,480,538,30,30,826,3,1,13,13,0,0,0,0,0,0,0,0,0,0,450,386,300,849,1400002C000A01E0021A1E1E033A0301000D000D0000000000000000000000000000000001C20182012C0351
1,1,35,0,291,40078,0,0,0,1,0,2026 NOV 17 10:02:17,2026 NOV 17 10:16:11,2026 NOV 17 10:02:27,2026 NOV 17 10:16:11,N/A,N/A,2026 NOV 17 10:09:47,2026 NOV 17 10:16:11,2026 NOV 17 10:15:41,-62.6085,155.7043,2026 NOV 17 10:10:17,-50.043,147.9719,2026 NOV 17 10:11:14,44.8359,1992,6.6894,23.1773,37.4347,N/A,69.5585,106.7889,10,480,537,30,30,824,3,1,13,13,0,0,0,0,0,0,0,0,0,0,450,384,300,844,1400002C000A01E002191E1E03380301000D000D0000000000000000000000000000000001C20180012C034C
1,1,36,0,292,40079,0,0,0,1,0,2026 NOV 17 12:00:13,2026 NOV 17 12:14:05,2026 NOV 17 12:00:23,2026 NOV 17 12:14:05,N/A,N/A,2026 NOV 17 12:07:43,2026 NOV 17 12:14:05,2026 NOV 17 12:13:35,-62.7368,127.1541,2026 NOV 17 12:08:13,-50.2246,119.9247,2026 NOV 17 12:09:09,44.6197,2000,6.7331,23.2155,37.2454,N/A,69.1962,106.2385,10,480,536,30,30,822,3,1,13,13,0,0,0,0,0,0,0,0,0,0,450,382,300,839,1400002C000A01E002181E1E03360301000D000D0000000000000000000000000000000001C2017E012C0347
1,1,37,0,295,40082,0,0,0,1,0,2026 NOV 17 17:54:11,2026 NOV 17 18:07:58,2026 NOV 17 17:54:21,2026 NOV 17 18:07:58,N/A,N/A,2026 NOV 17 18:01:41,2026 NOV 17 18:07:58,2026 NOV 17 18:07:28,-62.9162,41.284,2026 NOV 17 18:02:11,-50.8114,33.8594,2026 NOV 17 18:03:06,43.9167,2019,6.7386,23.3302,36.7722,N/A,68.2905,104.8623,10,480,535,30,30,817,3,1,13,13,0,0,0,0,0,0,0,0,0,0,450,377,300,828,1400002C000A01E002171E1E03310301000D000D0000000000000000000000000000000001C20179012C033C
1,1,38,0,297,40084,0,0,0,1,0,2026 NOV 17 21:50:12,2026 NOV 17 22:03:56,2026 NOV 17 21:50:22,2026 NOV 17 22:03:56,N/A,N/A,2026 NOV 17 21:57:42,2026 NOV 17 22:03:56,2026 NOV 17 22:03:26,-63.2756,-15.7539,2026 NOV 17 21:58:12,-51.5093,-23.8714,2026 NOV 17 21:59:07,43.4555,2035,6.7192,23.4066,36.4883,N/A,67.7471,104.0366,10,480,535,30,30,814,3,1,13,13,0,0,0,0,0,0,0,0,0,0,450,374,300,822,1400002C000A01E002171E1E032E0301000D000D0000000000000000000000000000000001C20176012C0336
1,1,39,0,300,40087,0,0,0,1,0,2026 NOV 18 03:44:02,2026 NOV 18 03:57:41,2026 NOV 18 03:44:12,2026 NOV 18 03:57:41,N/A,N/A,2026 NOV 18 03:51:32,2026 NOV 18 03:57:41,2026 NOV 18 03:57:11,-63.4625,-101.574,2026 NOV 18 03:52:02,-52.1206,-110.0793,2026 NOV 18 03:52:56,42.7786,2052,6.7128,23.5212,36.0151,N/A,66.8413,102.6604,10,480,534,30,30,809,3,1,13,13,0,0,0,0,0,0,0,0,0,0,450,369,300,811,1400002C000A01E002161E1E03290301000D000D0000000000000000000000000000000001C20171012C032B
1,1,40,0,304,40091,0,0,0,1,0,2026 NOV 18 11:36:04,2026 NOV 18 11:49:38,2026 NOV 18 11:36:14,2026 NOV 18 11:49:38,N/A,N/A,2026 NOV 18 11:43:34,2026 NOV 18 11:49:38,2026 NOV 18 11:49:08,-64.1779,144.3916,2026 NOV 18 11:44:04,-53.1606,136.4165,2026 NOV 18 11:44:57,41.8479,2078,6.8044,23.674,35.5419,N/A,65.9356,101.2842,10,480,533,30,30,804,3,1,13,13,0,0,0,0,0,0,0,0,0,0,450,364,300,800,1400002C000A01E002151E1E03240301000D000D0000000000000000000000000000000001C2016C012C0320
1,1,41,0,307,40094,0,0,0,1,0,2026 NOV 18 17:29:57,2026 NOV 18 17:43:25,2026 NOV 18 17:30:07,2026 NOV 18 17:43:25,N/A,N/A,2026 NOV 18 17:37:27,2026 NOV 18 17:43:25,2026 NOV 18 17:42:55,-64.233,58.4501,2026 NOV 18 17:37:57,-53.4082,51.7063,2026 NOV 18 17:38:48,41.1525,2095,6.8989,23.7885,34.974,N/A,64.8488,99.6328,10,480,531,30,30,798,3,1,13,13,0,0,0,0,0,0,0,0,0,0,450,358,300,786,1400002C000A01E002131E1E031E0301000D000D0000000000000000000000000000000001C20166012C0312
1,1,42,0,310,40097,0,0,0,1,0,2026 NOV 18 23:23:57,2026 NOV 18 23:37:22,2026 NOV 18 23:24:07,2026 NOV 18 23:37:22,N/A,N/A,2026 NOV 18 23:31:27,2026 NOV 18 23:37:22,2026 NOV 18 23:36:52,-64.7227,-27.0833,2026 NOV 18 23:31:57,-54.39,-35.119,2026 NOV 18 23:32:48,40.4603,2113,6.8542,23.903,34.6901,N/A,64.3054,98.807,10,480,531,30,30,795,3,1,13,13,0,0,0,0,0,0,0,0,0,0,450,355,300,780,1400002C000A01E002131E1E031B0301000D000D0000000000000000000000000000000001C20163012C030C
1,1,43,0,313,40100,0,0,0,1,0,2026 NOV 19 05:17:48,2026 NOV 19 05:31:08,2026 NOV 19 05:17:58,2026 NOV 19 05:31:08,N/A,N/A,2026 NOV 19 05:25:18,2026 NOV 19 05:31:08,2026 NOV 19 05:30:38,-64.8042,-112.9868,2026 NOV 19 05:25:48,-54.7923,-120.8067,2026 NOV 19 05:26:38,39.771,2129,6.8828,24.0174,34.2169,N/A,63.3997,97.4309,10,480,530,30,30,790,3,1,13,13,0,0,0,0,0,0,0,0,0,0,450,350,300,769,1400002C000A01E002121E1E03160301000D000D0000000000000000000000000000000001C2015E012C0301
1,1,44,0,315,40102,0,0,0,1,0,2026 NOV 19 09:13:51,2026 NOV 19 09:27:09,2026 NOV 19 09:14:01,2026 NOV 19 09:27:09,N/A,N/A,2026 NOV 19 09:21:21,2026 NOV 19 09:27:09,2026 NOV 19 09:26:39,-65.157,-169.9734,2026 NOV 19 09:21:51,-55.2213,-177.2082,2026 NOV 19 09:22:40,39.2941,2140,6.9528,24.0937,34.0276,N/A,63.0374,96.8804,10,480,529,30,30,788,3,1,13,13,0,0,0,0,0,0,0,0,0,0,450,348,300,764,1400002C000A01E002111E1E03140301000D000D0000000000000000000000000000000001C2015C012C02FC
1,1,45,0,317,40104,0,0,0,1,0,2026 NOV 19 13:09:43,2026 NOV 19 13:23:00,2026 NOV 19 13:09:53,2026 NOV 19 13:23:00,N/A,N/A,2026 NOV 19 13:17:13,2026 NOV 19 13:23:00,2026 NOV 19 13:22:30,-65.4296,133.004,2026 NOV 19 13:17:43,-55.8961,124.2132,2026 NOV 19 13:18:33,38.8536,2151,6.8744,24.17,33.933,N/A,62.8562,96.6051,10,480,530,30,30,787,3,1,13,13,0,0,0,0,0,0,0,0,0,0,450,347,300,763,1400002C000A01E002121E1E03130301000D000D0000000000000000000000000000000001C2015B012C02FB
1,1,46,0,319,40106,0,0,0,1,0,2026 NOV 19 17:05:38,2026 NOV 19 17:18:52,2026 NOV 19 17:05:48,2026 NOV 19 17:18:52,N/A,N/A,2026 NOV 19 17:13:08,2026 NOV 19 17:18:52,2026 NOV 19 17:18:22,-65.4539,75.7024,2026 NOV 19 17:13:38,-56.0282,67.6074,2026 NOV 19 17:14:27,38.3891,2159,6.9283,24.2462,33.649,N/A,62.3128,95.7794,10,480,529,30,30,784,3,1,13,13,0,0,0,0,0,0,0,0,0,0,450,344,300,756,1400002C000A01E002111E1E03100301000D000D0000000000000000000000000000000001C20158012C02F4
1,1,47,0,321,40108,0,0,0,1,0,2026 NOV 19 21:01:39,2026 NOV 19 21:14:51,2026 NOV 19 21:01:49,2026 NOV 19 21:14:51,N/A,N/A,2026 NOV 19 21:09:09,2026 NOV 19 21:14:51,2026 NOV 19 21:14:21,-65.6602,18.5817,2026 NOV 19 21:09:39,-56.6025,9.3621,2026 NOV 19 21:10:28,37.9167,2170,6.8747,24.3225,33.4597,N/A,61.9505,95.229,10,480,529,30,30,782,3,1,13,13,0,0,0,0,0,0,0,0,0,0,450,342,300,752,1400002C000A01E002111E1E030E0301000D000D0000000000000000000000000000000001C20156012C02F0
1,1,48,0,323,40110,0,0,0,1,0,2026 NOV 20 00:57:33,2026 NOV 20 01:10:43,2026 NOV 20 00:57:43,2026 NOV 20 01:10:43,N/A,N/A,2026 NOV 20 01:05:03,2026 NOV 20 01:10:43,2026 NOV 20 01:10:13,-65.9491,-38.4069,2026 NOV 20 01:05:33,-56.9221,-46.7658,2026 NOV 20 01:06:21,37.4689,2180,6.9603,24.3987,33.2705,N/A,61.5882,94.6785,10,480,528,30,30,780,3,1,13,13,0,0,0,0,0,0,0,0,0,0,450,340,300,747,1400002C000A01E002101E1E030C0301000D000D0000000000000000000000000000000001C20154012C02EB
1,1,49,0,324,40111,0,0,0,1,0,2026 NOV 20 02:55:28,2026 NOV 20 03:08:36,2026 NOV 20 02:55:38,2026 NOV 20 03:08:36,N/A,N/A,2026 NOV 20 03:02:58,2026 NOV 20 03:08:36,2026 NOV 20 03:08:06,-65.9207,-67.0919,2026 NOV 20 03:03:28,-56.8859,-74.6763,2026 NOV 20 03:04:16,37.247,2183,7.0128,24.4368,33.0812,N/A,61.226,94.128,10,480,528,30,30,778,3,1,13,13,0,0,0,0,0,0,0,0,0,0,450,338,300,743,1400002C000A01E002101E1E030A0301000D000D0000000000000000000000000000000001C20152012C02E7
1,1,50,0,329,40116,0,0,0,1,0,2026 NOV 20 12:45:21,2026 NOV 20 12:58:25,2026 NOV 20 12:45:31,2026 NOV 20 12:58:25,N/A,N/A,2026 NOV 20 12:52:51,2026 NOV 20 12:58:25,2026 NOV 20 12:57:55,-66.4593,150.2163,2026 NOV 20 12:53:21,-58.0635,141.2883,2026 NOV 20 12:54:08,36.0845,2207,6.9811,24.6273,32.7026,N/A,60.5014,93.027,10,480,527,30,30,774,3,1,13,13,0,0,0,0,0,0,0,0,0,0,450,334,300,734,1400002C000A01E0020F1E1E03060301000D000D0000000000000000000000000000000001C2014E012C02DE
1,1,51,0,331,40118,0,0,0,1,0,2026 NOV 20 16:41:12,2026 NOV 20 16:54:13,2026 NOV 20 16:41:22,2026 NOV 20 16:54:13,N/A,N/A,2026 NOV 20 16:48:42,2026 NOV 20 16:54:13,2026 NOV 20 16:53:43,-66.4356,92.8779,2026 NOV 20 16:49:12,-58.0552,85.1114,2026 NOV 20 16:49:58,35.6292,2214,7.0628,24.7034,32.4187,N/A,59.958,92.2013,10,480,526,30,30,771,3,1,13,13,0,0,0,0,0,0,0,0,0,0,450,331,300,727,1400002C000A01E0020E1E1E03030301000D000D0000000000000000000000000000000001C2014B012C02D7
1,1,52,0,332,40119,0,0,0,1,0,2026 NOV 20 18:39:13,2026 NOV 20 18:52:13,2026 NOV 20 18:39:23,2026 NOV 20 18:52:13,N/A,N/A,2026 NOV 20 18:46:43,2026 NOV 20 18:52:13,2026 NOV 20 18:51:43,-66.4909,64.2695,2026 NOV 20 18:47:13,-58.1711,56.6654,2026 NOV 20 18:47:59,35.3913,2219,7.0811,24.7415,32.324,N/A,59.7768,91.9261,10,480,526,30,30,770,3,1,13,13,0,0,0,0,0,0,0,0,0,0,450,330,300,725,1400002C000A01E0020E1E1E03020301000D000D0000000000000000000000000000000001C2014A012C02D5
1,1,53,0,334,40121,0,0,0,1,0,2026 NOV 20 22:35:13,2026 NOV 20 22:48:11,2026 NOV 20 22:35:23,2026 NOV 20 22:48:11,N/A,N/A,2026 NOV 20 22:42:43,2026 NOV 20 22:48:11,2026 NOV 20 22:47:41,-66.7276,7.2256,2026 NOV 20 22:43:13,-58.5886,-0.42038,2026 NOV 20 22:43:59,34.9234,2228,7.1044,24.8177,32.1348,N/A,59.4145,91.3756,10,480,526,30,30,768,3,1,13,13,0,0,0,0,0,0,0,0,0,0,450,328,300,721,1400002C000A01E0020E1E1E03000301000D000D0000000000000000000000000000000001C20148012C02D1
1,1,54,0,339,40126,0,0,0,1,0,2026 NOV 21 08:24:59,2026 NOV 21 08:37:52,2026 NOV 21 08:25:09,2026 NOV 21 08:37:52,N/A,N/A,2026 NOV 21 08:32:29,2026 NOV 21 08:37:52,2026 NOV 21 08:37:22,-67.0177,-135.7003,2026 NOV 21 08:32:59,-59.1678,-142.5667,2026 NOV 21 08:33:44,33.7695,2248,7.1969,25.0079,31.6615,N/A,58.5088,89.9994,10,480,525,30,30,763,3,1,13,13,0,0,0,0,0,0,0,0,0,0,450,323,300,965,1400002C000A01E0020D1E1E02FB0301000D000D0000000000000000000000000000000001C20143012C03C5
1,1,55,0,340,40127,0,0,0,1,0,2026 NOV 21 10:22:58,2026 NOV 21 10:35:52,2026 NOV 21 10:23:08,2026 NOV 21 10:35:52,N/A,N/A,2026 NOV 21 10:30:28,2026 NOV 21 10:35:52,2026 NOV 21 10:35:22,-67.1935,-164.1378,2026 NOV 21 10:30:58,-59.8561,-173.7716,2026 NOV 21 10:31:44,33.5346,2252,7.0308,25.046,31.7562,N/A,58.69,90.2747,10,480,526,30,30,764,3,1,13,13,0,0,0,0,0,0,0,0,0,0,450,324,300,968,1400002C000A01E0020E1E1E02FC0301000D000D0000000000000000000000000000000001C20144012C03C8
