Orbit 80/40 or 60/60 or OFF (1-11 = 80/40; 101-111 = 60/60; 12 = switch off),Orbit type,Egress solar occultation observation number,Merged Occultation (YES = 1; NO = 0),Thermal orbit/nightside number,ESA orbit number,LNO+UVIS operating (YES = 1; NO = 0),UVIS alone operating (YES = 1; NO = 0),LNO alone operating (YES = 1; NO = 0),SO+UVIS operating (YES = 1; NO = 0),SO alone operating (YES = 1; NO = 0),TC20 execution start time (UTC),TC20 execution end time (UTC),SO start time (UTC),SO end time (UTC),LNO start time (UTC),LNO end time (UTC),UVIS start time (UTC),UVIS end time (UTC),Limb Height 250 km (UTC),Latitude probed @ limb height 250 km (deg),Longitude probed @ limb height 250 km (deg),Limb Height 0 km (UTC),Latitude probed @ limb height 0 km (deg),Longitude probed @ limb height 0 km (deg),Limb Height 50 km: switch SCI1 to SCI2 (UTC),Beta angle (deg),Eclipse duration (Umbra end - Umbra start) (s),Local Solar Time (LST): TGO2SUN vector surface intercept point @ limb height 0 km (h),Solar longitude Ls (deg),SO+SINBAD data volume (Mbit),LNO+SINBAD data volume (Mbit),UVIS+SINBAD data volume (Mbit),Channel(s)+SINBAD data volume (Mbit),TC20 SO_START_TIME,TC20 SO_START_SCIENCE_1,TC20 SO_START_SCIENCE_2,TC20 SO_DURATION_REFERENCE_1,TC20 SO_DURATION_REFERENCE_2,TC20 SO_DURATION_TIME,TC20 SO_COP_GENERAL,TC20 SO_COP_PRECOOLING,TC20 SO_COP_SCIENCE_1,TC20 SO_COP_SCIENCE_2,TC20 LNO_START_TIME,TC20 LNO_START_SCIENCE_1,TC20 LNO_START_SCIENCE_2,TC20 LNO_DURATION_REFERENCE_1,TC20 LNO_DURATION_REFERENCE_2,TC20 LNO_DURATION_TIME,TC20 LNO_COP_GENERAL,TC20 LNO_COP_PRECOOLING,TC20 LNO_COP_SCIENCE_1,TC20 LNO_COP_SCIENCE_2,TC20 UVIS_START_TIME,TC20 UVIS_DURATION_TIME,TC20 UVIS_COP_ROW,TC20 CHECKSUM,TC20 (HEX)
1,1,1,0,144,39247,0,0,0,1,0,2026 SEP 10 09:41:18,2026 SEP 10 10:02:03,2026 SEP 10 09:41:28,2026 SEP 10 10:02:03,N/A,N/A,2026 SEP 10 09:48:48,2026 SEP 10 10:02:03,2026 SEP 10 10:01:33,30.8244,-147.3347,2026 SEP 10 09:49:18,-7.87,-148.148,2026 SEP 10 09:52:38,-62.9536,553,5.9203,349.882,76.3326,N/A,144.0078,219.9117,10,480,680,30,30,1235,3,1,13,13,0,0,0,0,0,0,0,0,0,0,450,795,300,1044,1400002C000A01E002A81E1E04D30301000D000D0000000000000000000000000000000001C2031B012C0414
1,1,2,0,145,39248,0,0,0,1,0,2026 SEP 10 11:39:55,2026 SEP 10 12:00:11,2026 SEP 10 11:40:05,2026 SEP 10 12:00:11,N/A,N/A,2026 SEP 10 11:47:25,2026 SEP 10 12:00:11,2026 SEP 10 11:59:41,31.3978,-176.0339,2026 SEP 10 11:47:55,-5.6561,-176.7347,2026 SEP 10 11:50:59,-62.7043,627,5.9389,349.9245,73.588,N/A,138.7547,211.9298,10,480,664,30,30,1206,3,1,13,13,0,0,0,0,0,0,0,0,0,0,450,766,300,1225,1400002C000A01E002981E1E04B60301000D000D0000000000000000000000000000000001C202FE012C04C9
1,1,3,0,146,39249,0,0,0,1,0,2026 SEP 10 13:38:28,2026 SEP 10 13:58:21,2026 SEP 10 13:38:38,2026 SEP 10 13:58:21,N/A,N/A,2026 SEP 10 13:45:58,2026 SEP 10 13:58:21,2026 SEP 10 13:57:51,32.0728,155.2695,2026 SEP 10 13:46:28,-3.6883,154.7379,2026 SEP 10 13:49:21,-62.4801,687,5.9603,349.967,71.4112,N/A,134.5884,205.5993,10,480,653,30,30,1183,3,1,13,13,0,0,0,0,0,0,0,0,0,0,450,743,300,1168,1400002C000A01E0028D1E1E049F0301000D000D0000000000000000000000000000000001C202E7012C0490
1,1,4,0,147,39250,0,0,0,1,0,2026 SEP 10 15:36:53,2026 SEP 10 15:56:28,2026 SEP 10 15:37:03,2026 SEP 10 15:56:28,N/A,N/A,2026 SEP 10 15:44:23,2026 SEP 10 15:56:28,2026 SEP 10 15:55:58,32.7155,126.5822,2026 SEP 10 15:44:53,-2.0061,125.8929,2026 SEP 10 15:47:37,-62.2723,737,5.9583,350.0094,69.7077,N/A,131.3279,200.6451,10,480,644,30,30,1165,3,1,13,13,0,0,0,0,0,0,0,0,0,0,450,725,300,1123,1400002C000A01E002841E1E048D0301000D000D0000000000000000000000000000000001C202D5012C0463
1,1,5,0,148,39251,0,0,0,1,0,2026 SEP 10 17:35:10,2026 SEP 10 17:54:28,2026 SEP 10 17:35:20,2026 SEP 10 17:54:28,N/A,N/A,2026 SEP 10 17:42:40,2026 SEP 10 17:54:28,2026 SEP 10 17:53:58,33.1572,97.9022,2026 SEP 10 17:43:10,-0.62084,97.5895,2026 SEP 10 17:45:47,-62.0623,781,5.9903,350.0518,68.0988,N/A,128.2484,195.966,10,480,637,30,30,1148,3,1,13,13,0,0,0,0,0,0,0,0,0,0,450,708,300,1082,1400002C000A01E0027D1E1E047C0301000D000D0000000000000000000000000000000001C202C4012C043A
1,1,6,0,149,39252,0,0,0,1,0,2026 SEP 10 19:33:22,2026 SEP 10 19:52:25,2026 SEP 10 19:33:32,2026 SEP 10 19:52:25,N/A,N/A,2026 SEP 10 19:40:52,2026 SEP 10 19:52:25,2026 SEP 10 19:51:55,33.4192,69.2152,2026 SEP 10 19:41:22,0.54576,68.3686,2026 SEP 10 19:43:53,-61.8271,822,5.96,350.0941,66.6791,N/A,125.5313,191.8374,10,480,631,30,30,1133,3,1,13,13,0,0,0,0,0,0,0,0,0,0,450,693,300,1046,1400002C000A01E002771E1E046D0301000D000D0000000000000000000000000000000001C202B5012C0416
1,1,7,0,150,39253,0,0,0,1,0,2026 SEP 10 21:31:39,2026 SEP 10 21:50:29,2026 SEP 10 21:31:49,2026 SEP 10 21:50:29,N/A,N/A,2026 SEP 10 21:39:09,2026 SEP 10 21:50:29,2026 SEP 10 21:49:59,33.804,40.5129,2026 SEP 10 21:39:39,1.6854,39.7928,2026 SEP 10 21:42:04,-61.5842,858,5.9739,350.1364,65.4488,N/A,123.1765,188.2593,10,480,625,30,30,1120,3,1,13,13,0,0,0,0,0,0,0,0,0,0,450,680,300,1014,1400002C000A01E002711E1E04600301000D000D0000000000000000000000000000000001C202A8012C03F6
1,1,8,0,152,39255,0,0,0,1,0,2026 SEP 11 01:28:18,2026 SEP 11 01:46:41,2026 SEP 11 01:28:28,2026 SEP 11 01:46:41,N/A,N/A,2026 SEP 11 01:35:48,2026 SEP 11 01:46:41,2026 SEP 11 01:46:11,34.7686,-16.8867,2026 SEP 11 01:36:18,4.2037,-17.4116,2026 SEP 11 01:38:33,-61.0985,935,5.9994,350.2211,62.8935,N/A,118.2856,180.8279,10,480,615,30,30,1093,3,1,13,13,0,0,0,0,0,0,0,0,0,0,450,653,300,950,1400002C000A01E002671E1E04450301000D000D0000000000000000000000000000000001C2028D012C03B6
1,1,9,0,154,39257,0,0,0,1,0,2026 SEP 11 05:24:44,2026 SEP 11 05:42:45,2026 SEP 11 05:24:54,2026 SEP 11 05:42:45,N/A,N/A,2026 SEP 11 05:32:14,2026 SEP 11 05:42:45,2026 SEP 11 05:42:15,35.7244,-74.2541,2026 SEP 11 05:32:44,6.4456,-75.0859,2026 SEP 11 05:34:51,-60.6623,1004,5.9903,350.3058,60.8113,N/A,114.3005,174.7727,10,480,607,30,30,1071,3,1,13,13,0,0,0,0,0,0,0,0,0,0,450,631,300,898,1400002C000A01E0025F1E1E042F0301000D000D0000000000000000000000000000000001C20277012C0382
1,1,10,0,155,39258,0,0,0,1,0,2026 SEP 11 07:22:52,2026 SEP 11 07:40:43,2026 SEP 11 07:23:02,2026 SEP 11 07:40:43,N/A,N/A,2026 SEP 11 07:30:22,2026 SEP 11 07:40:43,2026 SEP 11 07:40:13,36.0221,-102.9414,2026 SEP 11 07:30:52,7.3085,-103.5117,2026 SEP 11 07:32:55,-60.441,1029,6.0117,350.348,59.8649,N/A,112.4891,172.0203,10,480,603,30,30,1061,3,1,13,13,0,0,0,0,0,0,0,0,0,0,450,621,300,874,1400002C000A01E0025B1E1E04250301000D000D0000000000000000000000000000000001C2026D012C036A
1,1,11,0,157,39260,0,0,0,1,0,2026 SEP 11 11:19:17,2026 SEP 11 11:36:47,2026 SEP 11 11:19:27,2026 SEP 11 11:36:47,N/A,N/A,2026 SEP 11 11:26:47,2026 SEP 11 11:36:47,2026 SEP 11 11:36:17,36.7285,-160.3362,2026 SEP 11 11:27:17,9.2751,-161.3185,2026 SEP 11 11:29:14,-59.9356,1094,5.9933,350.4326,57.8774,N/A,108.6851,166.2403,10,480,597,30,30,1040,3,1,13,13,0,0,0,0,0,0,0,0,0,0,450,600,300,826,1400002C000A01E002551E1E04100301000D000D0000000000000000000000000000000001C20258012C033A
1,1,12,0,159,39262,0,0,0,1,0,2026 SEP 11 15:15:48,2026 SEP 11 15:33:01,2026 SEP 11 15:15:58,2026 SEP 11 15:33:01,N/A,N/A,2026 SEP 11 15:23:18,2026 SEP 11 15:33:01,2026 SEP 11 15:32:31,37.8547,142.2762,2026 SEP 11 15:23:48,11.4033,141.1618,2026 SEP 11 15:25:39,-59.4813,1153,5.9958,350.5172,56.2685,N/A,105.6057,161.5613,10,480,591,30,30,1023,3,1,13,13,0,0,0,0,0,0,0,0,0,0,450,583,300,1041,1400002C000A01E0024F1E1E03FF0301000D000D0000000000000000000000000000000001C20247012C0411
1,1,13,0,160,39263,0,0,0,1,0,2026 SEP 11 17:13:57,2026 SEP 11 17:31:02,2026 SEP 11 17:14:07,2026 SEP 11 17:31:02,N/A,N/A,2026 SEP 11 17:21:27,2026 SEP 11 17:31:02,2026 SEP 11 17:30:32,38.3025,113.5941,2026 SEP 11 17:21:57,12.3112,112.5343,2026 SEP 11 17:23:45,-59.2729,1178,6.0042,350.5594,55.5114,N/A,104.1566,159.3594,10,480,588,30,30,1015,3,1,13,13,0,0,0,0,0,0,0,0,0,0,450,575,300,1022,1400002C000A01E0024C1E1E03F70301000D000D0000000000000000000000000000000001C2023F012C03FE
1,1,14,0,162,39265,0,0,0,1,0,2026 SEP 11 21:10:06,2026 SEP 11 21:26:57,2026 SEP 11 21:10:16,2026 SEP 11 21:26:57,N/A,N/A,2026 SEP 11 21:17:36,2026 SEP 11 21:26:57,2026 SEP 11 21:26:27,38.7875,56.211,2026 SEP 11 21:18:06,13.6392,55.0964,2026 SEP 11 21:19:50,-58.8044,1222,6.0061,350.6438,54.1864,N/A,101.6206,155.506,10,480,584,30,30,1001,3,1,13,13,0,0,0,0,0,0,0,0,0,0,450,561,300,990,1400002C000A01E002481E1E03E90301000D000D0000000000000000000000000000000001C20231012C03DE
1,1,15,0,165,39268,0,0,0,1,0,2026 SEP 12 03:04:39,2026 SEP 12 03:21:08,2026 SEP 12 03:04:49,2026 SEP 12 03:21:08,N/A,N/A,2026 SEP 12 03:12:09,2026 SEP 12 03:21:08,2026 SEP 12 03:20:38,39.9444,-29.889,2026 SEP 12 03:12:39,16.0781,-30.7145,2026 SEP 12 03:14:17,-58.0794,1292,6.0372,350.7705,52.1042,N/A,97.6355,149.4508,10,480,578,30,30,979,3,1,13,13,0,0,0,0,0,0,0,0,0,0,450,539,300,940,1400002C000A01E002421E1E03D30301000D000D0000000000000000000000000000000001C2021B012C03AC
1,1,16,0,167,39270,0,0,0,1,0,2026 SEP 12 07:00:49,2026 SEP 12 07:17:07,2026 SEP 12 07:00:59,2026 SEP 12 07:17:07,N/A,N/A,2026 SEP 12 07:08:19,2026 SEP 12 07:17:07,2026 SEP 12 07:16:37,40.7027,-87.2562,2026 SEP 12 07:08:49,17.5028,-88.2108,2026 SEP 12 07:10:23,-57.6449,1331,6.0356,350.8549,51.0632,N/A,95.6429,146.4232,10,480,574,30,30,968,3,1,13,13,0,0,0,0,0,0,0,0,0,0,450,528,300,914,1400002C000A01E0023E1E1E03C80301000D000D0000000000000000000000000000000001C20210012C0392
1,1,17,0,168,39271,0,0,0,1,0,2026 SEP 12 08:58:53,2026 SEP 12 09:15:05,2026 SEP 12 08:59:03,2026 SEP 12 09:15:05,N/A,N/A,2026 SEP 12 09:06:23,2026 SEP 12 09:15:05,2026 SEP 12 09:14:35,40.9324,-115.9515,2026 SEP 12 09:06:53,18.0859,-116.7047,2026 SEP 12 09:08:26,-57.4041,1349,6.0514,350.8971,50.4953,N/A,94.5561,144.7718,10,480,573,30,30,962,3,1,13,13,0,0,0,0,0,0,0,0,0,0,450,522,300,901,1400002C000A01E0023D1E1E03C20301000D000D0000000000000000000000000000000001C2020A012C0385
1,1,18,0,175,39278,0,0,0,1,0,2026 SEP 12 22:45:37,2026 SEP 12 23:01:13,2026 SEP 12 22:45:47,2026 SEP 12 23:01:13,N/A,N/A,2026 SEP 12 22:53:07,2026 SEP 12 23:01:13,2026 SEP 12 23:00:43,43.2709,43.1801,2026 SEP 12 22:53:37,22.6328,42.0376,2026 SEP 12 22:55:00,-55.7576,1481,6.0467,351.1922,47.0882,N/A,88.0349,134.8632,10,480,563,30,30,926,3,1,13,13,0,0,0,0,0,0,0,0,0,0,450,486,300,1074,1400002C000A01E002331E1E039E0301000D000D0000000000000000000000000000000001C201E6012C0432
1,1,19,0,177,39280,0,0,0,1,0,2026 SEP 13 02:41:52,2026 SEP 13 02:57:18,2026 SEP 13 02:42:02,2026 SEP 13 02:57:18,N/A,N/A,2026 SEP 13 02:49:22,2026 SEP 13 02:57:18,2026 SEP 13 02:56:48,43.9177,-14.2241,2026 SEP 13 02:49:52,23.8934,-15.5574,2026 SEP 13 02:51:13,-55.2689,1516,6.0397,351.2765,46.1418,N/A,86.2235,132.1108,10,480,561,30,30,916,3,1,13,13,0,0,0,0,0,0,0,0,0,0,450,476,300,1052,1400002C000A01E002311E1E03940301000D000D0000000000000000000000000000000001C201DC012C041C
1,1,20,0,178,39281,0,0,0,1,0,2026 SEP 13 04:39:57,2026 SEP 13 04:55:19,2026 SEP 13 04:40:07,2026 SEP 13 04:55:19,N/A,N/A,2026 SEP 13 04:47:27,2026 SEP 13 04:55:19,2026 SEP 13 04:54:49,44.3207,-42.9099,2026 SEP 13 04:47:57,24.5147,-43.6834,2026 SEP 13 04:49:16,-55.0422,1532,6.0803,351.3186,45.7632,N/A,85.499,131.0099,10,480,559,30,30,912,3,1,13,13,0,0,0,0,0,0,0,0,0,0,450,472,300,1042,1400002C000A01E0022F1E1E03900301000D000D0000000000000000000000000000000001C201D8012C0412
1,1,21,0,180,39284,0,0,0,1,0,2026 SEP 13 08:35:59,2026 SEP 13 08:51:13,2026 SEP 13 08:36:09,2026 SEP 13 08:51:13,N/A,N/A,2026 SEP 13 08:43:29,2026 SEP 13 08:51:13,2026 SEP 13 08:50:43,44.8384,-100.2857,2026 SEP 13 08:43:59,25.5186,-101.0114,2026 SEP 13 08:45:17,-54.5951,1559,6.0878,351.4027,45.0061,N/A,84.0498,128.808,10,480,558,30,30,904,3,1,13,13,0,0,0,0,0,0,0,0,0,0,450,464,300,1025,1400002C000A01E0022E1E1E03880301000D000D0000000000000000000000000000000001C201D0012C0401
1,1,22,0,182,39286,0,0,0,1,0,2026 SEP 13 12:32:07,2026 SEP 13 12:47:13,2026 SEP 13 12:32:17,2026 SEP 13 12:47:13,N/A,N/A,2026 SEP 13 12:39:37,2026 SEP 13 12:47:13,2026 SEP 13 12:46:43,45.3259,-157.6899,2026 SEP 13 12:40:07,26.552,-159.1282,2026 SEP 13 12:41:23,-54.0905,1591,6.0442,351.4869,44.249,N/A,82.6007,126.6061,10,480,556,30,30,896,3,1,13,13,0,0,0,0,0,0,0,0,0,0,450,456,300,1007,1400002C000A01E0022C1E1E03800301000D000D0000000000000000000000000000000001C201C8012C03EF
1,1,23,0,187,39291,0,0,0,1,0,2026 SEP 13 22:22:23,2026 SEP 13 22:37:11,2026 SEP 13 22:22:33,2026 SEP 13 22:37:11,N/A,N/A,2026 SEP 13 22:29:53,2026 SEP 13 22:37:11,2026 SEP 13 22:36:41,46.7855,58.8389,2026 SEP 13 22:30:23,29.0968,58.0046,2026 SEP 13 22:31:34,-52.9435,1658,6.0958,351.6972,42.5454,N/A,79.3401,121.6518,10,480,551,30,30,878,3,1,13,13,0,0,0,0,0,0,0,0,0,0,450,438,300,966,1400002C000A01E002271E1E036E0301000D000D0000000000000000000000000000000001C201B6012C03C6
1,1,24,0,188,39292,0,0,0,1,0,2026 SEP 14 00:20:28,2026 SEP 14 00:35:14,2026 SEP 14 00:20:38,2026 SEP 14 00:35:14,N/A,N/A,2026 SEP 14 00:27:58,2026 SEP 14 00:35:14,2026 SEP 14 00:34:44,47.0709,30.1301,2026 SEP 14 00:28:28,29.5703,28.6196,2026 SEP 14 00:29:39,-52.6972,1671,6.0525,351.7393,42.3561,N/A,78.9779,121.1013,10,480,551,30,30,876,3,1,13,13,0,0,0,0,0,0,0,0,0,0,450,436,300,962,1400002C000A01E002271E1E036C0301000D000D0000000000000000000000000000000001C201B4012C03C2
1,1,25,0,191,39295,0,0,0,1,0,2026 SEP 14 06:14:39,2026 SEP 14 06:29:15,2026 SEP 14 06:14:49,2026 SEP 14 06:29:15,N/A,N/A,2026 SEP 14 06:22:09,2026 SEP 14 06:29:15,2026 SEP 14 06:28:45,48.0235,-55.9507,2026 SEP 14 06:22:39,31.1124,-56.7416,2026 SEP 14 06:23:47,-51.9974,1710,6.1081,351.8654,41.4097,N/A,77.1664,118.3489,10,480,548,30,30,866,3,1,13,13,0,0,0,0,0,0,0,0,0,0,450,426,300,939,1400002C000A01E002241E1E03620301000D000D0000000000000000000000000000000001C201AA012C03AB
1,1,26,0,193,39297,0,0,0,1,0,2026 SEP 14 10:10:37,2026 SEP 14 10:25:07,2026 SEP 14 10:10:47,2026 SEP 14 10:25:07,N/A,N/A,2026 SEP 14 10:18:07,2026 SEP 14 10:25:07,2026 SEP 14 10:24:37,48.3596,-113.3436,2026 SEP 14 10:18:37,31.8604,-114.6407,2026 SEP 14 10:19:44,-51.5258,1731,6.0761,351.9494,40.8418,N/A,76.0796,116.6975,10,480,547,30,30,860,3,1,13,13,0,0,0,0,0,0,0,0,0,0,450,420,300,926,1400002C000A01E002231E1E035C0301000D000D0000000000000000000000000000000001C201A4012C039E
1,1,27,0,196,39300,0,0,0,1,0,2026 SEP 14 16:04:51,2026 SEP 14 16:19:13,2026 SEP 14 16:05:01,2026 SEP 14 16:19:13,N/A,N/A,2026 SEP 14 16:12:21,2026 SEP 14 16:19:13,2026 SEP 14 16:18:43,49.2658,160.5492,2026 SEP 14 16:12:51,33.3167,158.8161,2026 SEP 14 16:13:57,-50.7995,1768,6.0536,352.0755,40.0847,N/A,74.6304,114.4956,10,480,546,30,30,852,3,1,13,13,0,0,0,0,0,0,0,0,0,0,450,412,300,909,1400002C000A01E002221E1E03540301000D000D0000000000000000000000000000000001C2019C012C038D
1,1,28,0,197,39301,0,0,0,1,0,2026 SEP 14 18:02:54,2026 SEP 14 18:17:13,2026 SEP 14 18:03:04,2026 SEP 14 18:17:13,N/A,N/A,2026 SEP 14 18:10:24,2026 SEP 14 18:17:13,2026 SEP 14 18:16:43,49.6076,131.8607,2026 SEP 14 18:10:54,33.8234,130.5629,2026 SEP 14 18:11:59,-50.5827,1778,6.0853,352.1174,39.8008,N/A,74.087,113.6699,10,480,545,30,30,849,3,1,13,13,0,0,0,0,0,0,0,0,0,0,450,409,300,902,1400002C000A01E002211E1E03510301000D000D0000000000000000000000000000000001C20199012C0386
1,1,29,0,200,39304,0,0,0,1,0,2026 SEP 14 23:56:51,2026 SEP 15 00:11:02,2026 SEP 14 23:57:01,2026 SEP 15 00:11:02,N/A,N/A,2026 SEP 15 00:04:21,2026 SEP 15 00:11:02,2026 SEP 15 00:10:32,50.0656,45.7593,2026 SEP 15 00:04:51,34.7992,44.5521,2026 SEP 15 00:05:54,-49.8743,1808,6.0933,352.2433,39.0436,N/A,72.6379,111.468,10,480,543,30,30,841,3,1,13,13,0,0,0,0,0,0,0,0,0,0,450,401,300,884,1400002C000A01E0021F1E1E03490301000D000D0000000000000000000000000000000001C20191012C0374
1,1,30,0,202,39306,0,0,0,1,0,2026 SEP 15 03:52:58,2026 SEP 15 04:07:04,2026 SEP 15 03:53:08,2026 SEP 15 04:07:04,N/A,N/A,2026 SEP 15 04:00:28,2026 SEP 15 04:07:04,2026 SEP 15 04:06:34,50.5839,-11.6496,2026 SEP 15 04:00:58,35.677,-13.4571,2026 SEP 15 04:02:01,-49.3839,1830,6.0567,352.3273,38.5704,N/A,71.7322,110.0918,10,480,543,30,30,836,3,1,13,13,0,0,0,0,0,0,0,0,0,0,450,396,300,874,1400002C000A01E0021F1E1E03440301000D000D0000000000000000000000000000000001C2018C012C036A
1,1,31,0,204,39308,0,0,0,1,0,2026 SEP 15 07:48:58,2026 SEP 15 08:02:59,2026 SEP 15 07:49:08,2026 SEP 15 08:02:59,N/A,N/A,2026 SEP 15 07:56:28,2026 SEP 15 08:02:59,2026 SEP 15 08:02:29,51.1326,-69.0257,2026 SEP 15 07:56:58,36.482,-69.4969,2026 SEP 15 07:57:59,-48.9348,1849,6.1494,352.4111,38.0972,N/A,70.8265,108.7156,10,480,541,30,30,831,3,1,13,13,0,0,0,0,0,0,0,0,0,0,450,391,300,862,1400002C000A01E0021D1E1E033F0301000D000D0000000000000000000000000000000001C20187012C035E
1,1,32,0,207,39311,0,0,0,1,0,2026 SEP 15 13:42:58,2026 SEP 15 13:56:52,2026 SEP 15 13:43:08,2026 SEP 15 13:56:52,N/A,N/A,2026 SEP 15 13:50:28,2026 SEP 15 13:56:52,2026 SEP 15 13:56:22,51.6114,-155.1422,2026 SEP 15 13:50:58,37.4904,-156.7869,2026 SEP 15 13:51:58,-48.1956,1877,6.0733,352.5369,37.4347,N/A,69.5585,106.7889,10,480,540,30,30,824,3,1,13,13,0,0,0,0,0,0,0,0,0,0,450,384,300,847,1400002C000A01E0021C1E1E03380301000D000D0000000000000000000000000000000001C20180012C034F
1,1,33,0,209,39313,0,0,0,1,0,2026 SEP 15 17:39:06,2026 SEP 15 17:52:57,2026 SEP 15 17:39:16,2026 SEP 15 17:52:57,N/A,N/A,2026 SEP 15 17:46:36,2026 SEP 15 17:52:57,2026 SEP 15 17:52:27,52.3131,147.4635,2026 SEP 15 17:47:06,38.4005,146.3762,2026 SEP 15 17:48:05,-47.7351,1896,6.115,352.6208,37.1508,N/A,69.0151,105.9632,10,480,539,30,30,821,3,1,13,13,0,0,0,0,0,0,0,0,0,0,450,381,300,840,1400002C000A01E0021B1E1E03350301000D000D0000000000000000000000000000000001C2017D012C0348
1,1,34,0,211,39315,0,0,0,1,0,2026 SEP 15 21:35:00,2026 SEP 15 21:48:46,2026 SEP 15 21:35:10,2026 SEP 15 21:48:46,N/A,N/A,2026 SEP 15 21:42:30,2026 SEP 15 21:48:46,2026 SEP 15 21:48:16,52.6304,90.0772,2026 SEP 15 21:43:00,39.0305,89.0451,2026 SEP 15 21:43:58,-47.2814,1912,6.12,352.7046,36.6776,N/A,68.1093,104.587,10,480,538,30,30,816,3,1,13,13,0,0,0,0,0,0,0,0,0,0,450,376,300,829,1400002C000A01E0021A1E1E03300301000D000D0000000000000000000000000000000001C20178012C033D
1,1,35,0,213,39317,0,0,0,1,0,2026 SEP 16 01:31:03,2026 SEP 16 01:44:46,2026 SEP 16 01:31:13,2026 SEP 16 01:44:46,N/A,N/A,2026 SEP 16 01:38:33,2026 SEP 16 01:44:46,2026 SEP 16 01:44:16,52.9706,32.6492,2026 SEP 16 01:39:03,39.6371,30.9111,2026 SEP 16 01:40:00,-46.7914,1929,6.0742,352.7884,36.3937,N/A,67.5659,103.7613,10,480,537,30,30,813,3,1,13,13,0,0,0,0,0,0,0,0,0,0,450,373,300,822,1400002C000A01E002191E1E032D0301000D000D0000000000000000000000000000000001C20175012C0336
1,1,36,0,215,39319,0,0,0,1,0,2026 SEP 16 05:27:07,2026 SEP 16 05:40:45,2026 SEP 16 05:27:17,2026 SEP 16 05:40:45,N/A,N/A,2026 SEP 16 05:34:37,2026 SEP 16 05:40:45,2026 SEP 16 05:40:15,53.4551,-24.7533,2026 SEP 16 05:35:07,40.3961,-25.4841,2026 SEP 16 05:36:03,-46.3104,1946,6.1442,352.8721,35.9204,N/A,66.6602,102.3851,10,480,536,30,30,808,3,1,13,13,0,0,0,0,0,0,0,0,0,0,450,368,300,811,1400002C000A01E002181E1E03280301000D000D0000000000000000000000000000000001C20170012C032B
1,1,37,0,217,39321,0,0,0,1,0,2026 SEP 16 09:23:02,2026 SEP 16 09:36:37,2026 SEP 16 09:23:12,2026 SEP 16 09:36:37,N/A,N/A,2026 SEP 16 09:30:32,2026 SEP 16 09:36:37,2026 SEP 16 09:36:07,53.8698,-82.1381,2026 SEP 16 09:31:02,41.0186,-82.5437,2026 SEP 16 09:31:57,-45.86,1961,6.1678,352.9558,35.6365,N/A,66.1168,101.5594,10,480,535,30,30,805,3,1,13,13,0,0,0,0,0,0,0,0,0,0,450,365,300,804,1400002C000A01E002171E1E03250301000D000D0000000000000000000000000000000001C2016D012C0324
1,1,38,0,219,39323,0,0,0,1,0,2026 SEP 16 13:19:00,2026 SEP 16 13:32:31,2026 SEP 16 13:19:10,2026 SEP 16 13:32:31,N/A,N/A,2026 SEP 16 13:26:30,2026 SEP 16 13:32:31,2026 SEP 16 13:32:01,54.0966,-139.5601,2026 SEP 16 13:27:00,41.5887,-141.5446,2026 SEP 16 13:27:55,-45.3603,1977,6.0625,353.0395,35.2579,N/A,65.3922,100.4585,10,480,535,30,30,801,3,1,13,13,0,0,0,0,0,0,0,0,0,0,450,361,300,796,1400002C000A01E002171E1E03210301000D000D0000000000000000000000000000000001C20169012C031C
1,1,39,0,221,39325,0,0,0,1,0,2026 SEP 16 17:15:07,2026 SEP 16 17:28:35,2026 SEP 16 17:15:17,2026 SEP 16 17:28:35,N/A,N/A,2026 SEP 16 17:22:37,2026 SEP 16 17:28:35,2026 SEP 16 17:28:05,54.6917,163.0335,2026 SEP 16 17:23:07,42.3712,162.0439,2026 SEP 16 17:24:01,-44.889,1993,6.1325,353.1232,34.974,N/A,64.8488,99.6328,10,480,534,30,30,798,3,1,13,13,0,0,0,0,0,0,0,0,0,0,450,358,300,789,1400002C000A01E002161E1E031E0301000D000D0000000000000000000000000000000001C20166012C0315
1,1,40,0,226,39330,0,0,0,1,0,2026 SEP 17 03:05:01,2026 SEP 17 03:18:21,2026 SEP 17 03:05:11,2026 SEP 17 03:18:21,N/A,N/A,2026 SEP 17 03:12:31,2026 SEP 17 03:18:21,2026 SEP 17 03:17:51,55.4821,19.5058,2026 SEP 17 03:13:01,43.7799,17.5282,2026 SEP 17 03:13:54,-43.7071,2027,6.0683,353.3323,34.2169,N/A,63.3997,97.4309,10,480,533,30,30,790,3,1,13,13,0,0,0,0,0,0,0,0,0,0,450,350,300,772,1400002C000A01E002151E1E03160301000D000D0000000000000000000000000000000001C2015E012C0304
1,1,41,0,227,39331,0,0,0,1,0,2026 SEP 17 05:03:02,2026 SEP 17 05:16:21,2026 SEP 17 05:03:12,2026 SEP 17 05:16:21,N/A,N/A,2026 SEP 17 05:10:32,2026 SEP 17 05:16:21,2026 SEP 17 05:15:51,55.7431,-9.1953,2026 SEP 17 05:11:02,44.136,-11.199,2026 SEP 17 05:11:54,-43.4652,2035,6.0678,353.3741,34.1222,N/A,63.2185,97.1556,10,480,532,30,30,789,3,1,13,13,0,0,0,0,0,0,0,0,0,0,450,349,300,769,1400002C000A01E002141E1E03150301000D000D0000000000000000000000000000000001C2015D012C0301
1,1,42,0,229,39333,0,0,0,1,0,2026 SEP 17 08:58:58,2026 SEP 17 09:12:13,2026 SEP 17 08:59:08,2026 SEP 17 09:12:13,N/A,N/A,2026 SEP 17 09:06:28,2026 SEP 17 09:12:13,2026 SEP 17 09:11:43,56.1522,-66.5828,2026 SEP 17 09:06:58,44.742,-67.1118,2026 SEP 17 09:07:49,-43.0127,2048,6.1681,353.4577,33.7437,N/A,62.4939,96.0547,10,480,531,30,30,785,3,1,13,13,0,0,0,0,0,0,0,0,0,0,450,345,300,760,1400002C000A01E002131E1E03110301000D000D0000000000000000000000000000000001C20159012C02F8
1,1,43,0,232,39336,0,0,0,1,0,2026 SEP 17 14:52:54,2026 SEP 17 15:06:05,2026 SEP 17 14:53:04,2026 SEP 17 15:06:05,N/A,N/A,2026 SEP 17 15:00:24,2026 SEP 17 15:06:05,2026 SEP 17 15:05:35,56.5268,-152.7192,2026 SEP 17 15:00:54,45.4953,-154.8861,2026 SEP 17 15:01:45,-42.2714,2068,6.0583,353.583,33.3651,N/A,61.7694,94.9537,10,480,531,30,30,781,3,1,13,13,0,0,0,0,0,0,0,0,0,0,450,341,300,752,1400002C000A01E002131E1E030D0301000D000D0000000000000000000000000000000001C20155012C02F0
1,1,44,0,234,39338,0,0,0,1,0,2026 SEP 17 18:48:58,2026 SEP 17 19:02:07,2026 SEP 17 18:49:08,2026 SEP 17 19:02:07,N/A,N/A,2026 SEP 17 18:56:28,2026 SEP 17 19:02:07,2026 SEP 17 19:01:37,57.0911,149.8766,2026 SEP 17 18:56:58,46.2157,148.3498,2026 SEP 17 18:57:48,-41.8098,2080,6.1039,353.6666,33.1758,N/A,61.4071,94.4032,10,480,530,30,30,779,3,1,13,13,0,0,0,0,0,0,0,0,0,0,450,339,300,747,1400002C000A01E002121E1E030B0301000D000D0000000000000000000000000000000001C20153012C02EB
1,1,45,0,240,39344,0,0,0,1,0,2026 SEP 18 06:36:50,2026 SEP 18 06:49:50,2026 SEP 18 06:37:00,2026 SEP 18 06:49:50,N/A,N/A,2026 SEP 18 06:44:20,2026 SEP 18 06:49:50,2026 SEP 18 06:49:20,57.9948,-22.3721,2026 SEP 18 06:44:50,47.7745,-24.1289,2026 SEP 18 06:45:39,-40.3791,2116,6.0894,353.917,32.324,N/A,59.7768,91.9261,10,480,529,30,30,770,3,1,13,13,0,0,0,0,0,0,0,0,0,0,450,330,300,728,1400002C000A01E002111E1E03020301000D000D0000000000000000000000000000000001C2014A012C02D8
1,1,46,0,242,39346,0,0,0,1,0,2026 SEP 18 10:32:42,2026 SEP 18 10:45:41,2026 SEP 18 10:32:52,2026 SEP 18 10:45:41,N/A,N/A,2026 SEP 18 10:40:12,2026 SEP 18 10:45:41,2026 SEP 18 10:45:11,58.3438,-79.768,2026 SEP 18 10:40:42,48.2634,-81.6981,2026 SEP 18 10:41:30,-39.9226,2126,6.0783,354.0004,32.2294,N/A,59.5957,91.6509,10,480,528,30,30,769,3,1,13,13,0,0,0,0,0,0,0,0,0,0,450,329,300,725,1400002C000A01E002101E1E03010301000D000D0000000000000000000000000000000001C20149012C02D5
1,1,47,0,243,39347,0,0,0,1,0,2026 SEP 18 12:30:39,2026 SEP 18 12:43:36,2026 SEP 18 12:30:49,2026 SEP 18 12:43:36,N/A,N/A,2026 SEP 18 12:38:09,2026 SEP 18 12:43:36,2026 SEP 18 12:43:06,58.3967,-108.4841,2026 SEP 18 12:38:39,48.445,-110.4791,2026 SEP 18 12:39:27,-39.6734,2132,6.0731,354.0421,32.0401,N/A,59.2334,91.1004,10,480,528,30,30,767,3,1,13,13,0,0,0,0,0,0,0,0,0,0,450,327,300,976,1400002C000A01E002101E1E02FF0301000D000D0000000000000000000000000000000001C20147012C03D0
1,1,48,0,248,39352,0,0,0,1,0,2026 SEP 18 22:20:33,2026 SEP 18 22:33:24,2026 SEP 18 22:20:43,2026 SEP 18 22:33:24,N/A,N/A,2026 SEP 18 22:28:03,2026 SEP 18 22:33:24,2026 SEP 18 22:32:54,59.3107,107.9874,2026 SEP 18 22:28:33,49.8056,106.6399,2026 SEP 18 22:29:19,-38.5013,2158,6.1181,354.2506,31.4723,N/A,58.1465,89.449,10,480,526,30,30,761,3,1,13,13,0,0,0,0,0,0,0,0,0,0,450,321,300,962,1400002C000A01E0020E1E1E02F90301000D000D0000000000000000000000000000000001C20141012C03C2
1,1,49,0,251,39355,0,0,0,1,0,2026 SEP 19 04:14:31,2026 SEP 19 04:27:19,2026 SEP 19 04:14:41,2026 SEP 19 04:27:19,N/A,N/A,2026 SEP 19 04:22:01,2026 SEP 19 04:27:19,2026 SEP 19 04:26:49,59.6528,21.8255,2026 SEP 19 04:22:31,50.427,19.8415,2026 SEP 19 04:23:17,-37.767,2173,6.0742,354.3756,31.1883,N/A,57.6031,88.6232,10,480,526,30,30,758,3,1,13,13,0,0,0,0,0,0,0,0,0,0,450,318,300,956,1400002C000A01E0020E1E1E02F60301000D000D0000000000000000000000000000000001C2013E012C03BC
1,1,50,0,253,39357,0,0,0,1,0,2026 SEP 19 08:10:28,2026 SEP 19 08:23:14,2026 SEP 19 08:10:38,2026 SEP 19 08:23:14,N/A,N/A,2026 SEP 19 08:17:58,2026 SEP 19 08:23:14,2026 SEP 19 08:22:44,60.0761,-35.5772,2026 SEP 19 08:18:28,50.9923,-36.608,2026 SEP 19 08:19:13,-37.2996,2184,6.1386,354.4589,30.9991,N/A,57.2408,88.0728,10,480,525,30,30,756,3,1,13,13,0,0,0,0,0,0,0,0,0,0,450,316,300,951,1400002C000A01E0020D1E1E02F40301000D000D0000000000000000000000000000000001C2013C012C03B7
1,1,51,0,257,39361,0,0,0,1,0,2026 SEP 19 16:02:18,2026 SEP 19 16:14:59,2026 SEP 19 16:02:28,2026 SEP 19 16:14:59,N/A,N/A,2026 SEP 19 16:09:48,2026 SEP 19 16:14:59,2026 SEP 19 16:14:29,60.5018,-150.4344,2026 SEP 19 16:10:18,51.7932,-151.449,2026 SEP 19 16:11:02,-36.3299,2202,6.1375,354.6254,30.5258,N/A,56.3351,86.6966,10,480,524,30,30,751,3,1,13,13,0,0,0,0,0,0,0,0,0,0,450,311,300,940,1400002C000A01E0020C1E1E02EF0301000D000D0000000000000000000000000000000001C20137012C03AC
1,1,52,0,259,39363,0,0,0,1,0,2026 SEP 19 19:58:18,2026 SEP 19 20:10:58,2026 SEP 19 19:58:28,2026 SEP 19 20:10:58,N/A,N/A,2026 SEP 19 20:05:48,2026 SEP 19 20:10:58,2026 SEP 19 20:10:28,60.9558,152.1501,2026 SEP 19 20:06:18,52.4008,150.2177,2026 SEP 19 20:07:03,-35.8677,2211,6.0775,354.7087,30.4312,N/A,56.154,86.4213,10,480,525,30,30,750,3,1,13,13,0,0,0,0,0,0,0,0,0,0,450,310,300,939,1400002C000A01E0020D1E1E02EE0301000D000D0000000000000000000000000000000001C20136012C03AB
1,1,53,0,261,39365,0,0,0,1,0,2026 SEP 19 23:54:07,2026 SEP 20 00:06:45,2026 SEP 19 23:54:17,2026 SEP 20 00:06:45,N/A,N/A,2026 SEP 20 00:01:37,2026 SEP 20 00:06:45,2026 SEP 20 00:06:15,61.159,94.7404,2026 SEP 20 00:02:07,52.7522,93.4966,2026 SEP 20 00:02:51,-35.4031,2219,6.1219,354.7918,30.2419,N/A,55.7917,85.8709,10,480,524,30,30,748,3,1,13,13,0,0,0,0,0,0,0,0,0,0,450,308,300,934,1400002C000A01E0020C1E1E02EC0301000D000D0000000000000000000000000000000001C20134012C03A6
1,1,54,0,263,39367,0,0,0,1,0,2026 SEP 20 03:50:07,2026 SEP 20 04:02:43,2026 SEP 20 03:50:17,2026 SEP 20 04:02:43,N/A,N/A,2026 SEP 20 03:57:37,2026 SEP 20 04:02:43,2026 SEP 20 04:02:13,61.3798,37.2884,2026 SEP 20 03:58:07,53.145,35.8926,2026 SEP 20 03:58:51,-34.9125,2227,6.1103,354.875,30.0526,N/A,55.4294,85.3204,10,480,524,30,30,746,3,1,13,13,0,0,0,0,0,0,0,0,0,0,450,306,300,930,1400002C000A01E0020C1E1E02EA0301000D000D0000000000000000000000000000000001C20132012C03A2
1,1,55,0,264,39368,0,0,0,1,0,2026 SEP 20 05:48:06,2026 SEP 20 06:00:42,2026 SEP 20 05:48:16,2026 SEP 20 06:00:42,N/A,N/A,2026 SEP 20 05:55:36,2026 SEP 20 06:00:42,2026 SEP 20 06:00:12,61.5662,8.5749,2026 SEP 20 05:56:06,53.4074,6.0457,2026 SEP 20 05:56:50,-34.6657,2232,6.0347,354.9166,30.0526,N/A,55.4294,85.3204,10,480,524,30,30,746,3,1,13,13,0,0,0,0,0,0,0,0,0,0,450,306,300,930,1400002C000A01E0020C1E1E02EA0301000D000D0000000000000000000000000000000001C20132012C03A2
1,1,56,0,266,39370,0,0,0,1,0,2026 SEP 20 09:43:59,2026 SEP 20 09:56:33,2026 SEP 20 09:44:09,2026 SEP 20 09:56:33,N/A,N/A,2026 SEP 20 09:51:29,2026 SEP 20 09:56:33,2026 SEP 20 09:56:03,61.9152,-48.828,2026 SEP 20 09:51:59,53.9133,-51.2356,2026 SEP 20 09:52:43,-34.2072,2241,6.0428,354.9998,29.8633,N/A,55.0671,84.7699,10,480,524,30,30,744,3,1,13,13,0,0,0,0,0,0,0,0,0,0,450,304,300,926,1400002C000A01E0020C1E1E02E80301000D000D0000000000000000000000000000000001C20130012C039E
1,1,57,0,268,39372,0,0,0,1,0,2026 SEP 20 13:39:50,2026 SEP 20 13:52:22,2026 SEP 20 13:40:00,2026 SEP 20 13:52:22,N/A,N/A,2026 SEP 20 13:47:20,2026 SEP 20 13:52:22,2026 SEP 20 13:51:52,62.046,-106.2605,2026 SEP 20 13:47:50,54.21,-108.7182,2026 SEP 20 13:48:33,-33.7219,2248,6.0369,355.0829,29.6741,N/A,54.7048,84.2194,10,480,523,30,30,742,3,1,13,13,0,0,0,0,0,0,0,0,0,0,450,302,300,921,1400002C000A01E0020B1E1E02E60301000D000D0000000000000000000000000000000001C2012E012C0399
1,1,58,0,269,39373,0,0,0,1,0,2026 SEP 20 15:37:49,2026 SEP 20 15:50:20,2026 SEP 20 15:37:59,2026 SEP 20 15:50:20,N/A,N/A,2026 SEP 20 15:45:19,2026 SEP 20 15:50:20,2026 SEP 20 15:49:50,62.1599,-134.9831,2026 SEP 20 15:45:49,54.4059,-137.3865,2026 SEP 20 15:46:32,-33.4756,2253,6.04,355.1244,29.5794,N/A,54.5237,83.9442,10,480,523,30,30,741,3,1,13,13,0,0,0,0,0,0,0,0,0,0,450,301,300,919,1400002C000A01E0020B1E1E02E50301000D000D0000000000000000000000000000000001C2012D012C0397
1,1,59,0,271,39375,0,0,0,1,0,2026 SEP 20 19:33:49,2026 SEP 20 19:46:19,2026 SEP 20 19:33:59,2026 SEP 20 19:46:19,N/A,N/A,2026 SEP 20 19:41:19,2026 SEP 20 19:46:19,2026 SEP 20 19:45:49,62.5668,167.5895,2026 SEP 20 19:41:49,54.9431,164.9352,2026 SEP 20 19:42:32,-33.0053,2260,6.0236,355.2075,29.4848,N/A,54.3426,83.669,10,480,523,30,30,740,3,1,13,13,0,0,0,0,0,0,0,0,0,0,450,300,300,917,1400002C000A01E0020B1E1E02E40301000D000D0000000000000000000000000000000001C2012C012C0395
1,1,60,0,273,39377,0,0,0,1,0,2026 SEP 20 23:29:38,2026 SEP 20 23:42:06,2026 SEP 20 23:29:48,2026 SEP 20 23:42:06,N/A,N/A,2026 SEP 20 23:37:08,2026 SEP 20 23:42:06,2026 SEP 20 23:41:36,62.809,110.182,2026 SEP 20 23:37:38,55.3392,107.75,2026 SEP 20 23:38:20,-32.5471,2267,6.0369,355.2906,29.2955,N/A,53.9803,83.1185,10,480,522,30,30,738,3,1,13,13,0,0,0,0,0,0,0,0,0,0,450,298,300,912,1400002C000A01E0020A1E1E02E20301000D000D0000000000000000000000000000000001C2012A012C0390
1,1,61,0,276,39380,0,0,0,1,0,2026 SEP 21 05:23:35,2026 SEP 21 05:36:01,2026 SEP 21 05:23:45,2026 SEP 21 05:36:01,N/A,N/A,2026 SEP 21 05:31:05,2026 SEP 21 05:36:01,2026 SEP 21 05:35:31,63.1251,24.0025,2026 SEP 21 05:31:35,55.8655,21.7458,2026 SEP 21 05:32:17,-31.8129,2279,6.0458,355.4152,29.1062,N/A,53.618,82.568,10,480,522,30,30,736,3,1,13,13,0,0,0,0,0,0,0,0,0,0,450,296,300,908,1400002C000A01E0020A1E1E02E00301000D000D0000000000000000000000000000000001C20128012C038C
1,1,62,0,278,39382,0,0,0,1,0,2026 SEP 21 09:19:29,2026 SEP 21 09:31:54,2026 SEP 21 09:19:39,2026 SEP 21 09:31:54,N/A,N/A,2026 SEP 21 09:26:59,2026 SEP 21 09:31:54,2026 SEP 21 09:31:24,63.4906,-33.4103,2026 SEP 21 09:27:29,56.358,-35.7079,2026 SEP 21 09:28:11,-31.3467,2286,6.0428,355.4982,29.0116,N/A,53.4369,82.2928,10,480,522,30,30,735,3,1,13,13,0,0,0,0,0,0,0,0,0,0,450,295,300,906,1400002C000A01E0020A1E1E02DF0301000D000D0000000000000000000000000000000001C20127012C038A
1,1,63,0,280,39384,0,0,0,1,0,2026 SEP 21 13:15:19,2026 SEP 21 13:27:42,2026 SEP 21 13:15:29,2026 SEP 21 13:27:42,N/A,N/A,2026 SEP 21 13:22:49,2026 SEP 21 13:27:42,2026 SEP 21 13:27:12,63.6329,-90.8415,2026 SEP 21 13:23:19,56.6458,-92.41,2026 SEP 21 13:24:00,-30.8672,2292,6.0886,355.5811,28.8223,N/A,53.0746,81.7423,10,480,521,30,30,733,3,1,13,13,0,0,0,0,0,0,0,0,0,0,450,293,300,901,1400002C000A01E002091E1E02DD0301000D000D0000000000000000000000000000000001C20125012C0385
1,1,64,0,283,39387,0,0,0,1,0,2026 SEP 21 19:09:17,2026 SEP 21 19:21:38,2026 SEP 21 19:09:27,2026 SEP 21 19:21:38,N/A,N/A,2026 SEP 21 19:16:47,2026 SEP 21 19:21:38,2026 SEP 21 19:21:08,64.0543,-177.0116,2026 SEP 21 19:17:17,57.2739,-178.5879,2026 SEP 21 19:17:58,-30.1427,2302,6.0861,355.7056,28.633,N/A,52.7123,81.1918,10,480,521,30,30,731,3,1,13,13,0,0,0,0,0,0,0,0,0,0,450,291,300,897,1400002C000A01E002091E1E02DB0301000D000D0000000000000000000000000000000001C20123012C0381
1,1,65,0,284,39388,0,0,0,1,0,2026 SEP 21 21:07:14,2026 SEP 21 21:19:35,2026 SEP 21 21:07:24,2026 SEP 21 21:19:35,N/A,N/A,2026 SEP 21 21:14:44,2026 SEP 21 21:19:35,2026 SEP 21 21:19:05,64.2443,154.2798,2026 SEP 21 21:15:14,57.5254,151.5761,2026 SEP 21 21:15:55,-29.9143,2305,6.0108,355.7471,28.633,N/A,52.7123,81.1918,10,480,521,30,30,731,3,1,13,13,0,0,0,0,0,0,0,0,0,0,450,291,300,897,1400002C000A01E002091E1E02DB0301000D000D0000000000000000000000000000000001C20123012C0381
1,1,66,0,286,39390,0,0,0,1,0,2026 SEP 22 01:03:01,2026 SEP 22 01:15:20,2026 SEP 22 01:03:11,2026 SEP 22 01:15:20,N/A,N/A,2026 SEP 22 01:10:31,2026 SEP 22 01:15:20,2026 SEP 22 01:14:50,64.3723,96.8558,2026 SEP 22 01:11:01,57.8062,94.0837,2026 SEP 22 01:11:42,-29.4468,2312,6.0031,355.83,28.4437,N/A,52.35,80.6413,10,480,521,30,30,729,3,1,13,13,0,0,0,0,0,0,0,0,0,0,450,289,300,893,1400002C000A01E002091E1E02D90301000D000D0000000000000000000000000000000001C20121012C037D
1,1,67,0,289,39393,0,0,0,1,0,2026 SEP 22 06:56:59,2026 SEP 22 07:09:16,2026 SEP 22 06:57:09,2026 SEP 22 07:09:16,N/A,N/A,2026 SEP 22 07:04:29,2026 SEP 22 07:09:16,2026 SEP 22 07:08:46,64.7481,10.674,2026 SEP 22 07:04:59,58.3778,8.9174,2026 SEP 22 07:05:39,-28.709,2321,6.0681,355.9543,28.2544,N/A,51.9877,80.0909,10,480,520,30,30,727,3,1,13,13,0,0,0,0,0,0,0,0,0,0,450,287,300,888,1400002C000A01E002081E1E02D70301000D000D0000000000000000000000000000000001C2011F012C0378
1,1,68,0,291,39395,0,0,0,1,0,2026 SEP 22 10:52:50,2026 SEP 22 11:05:06,2026 SEP 22 10:53:00,2026 SEP 22 11:05:06,N/A,N/A,2026 SEP 22 11:00:20,2026 SEP 22 11:05:06,2026 SEP 22 11:04:36,65.0617,-46.7414,2026 SEP 22 11:00:50,58.8031,-47.9525,2026 SEP 22 11:01:30,-28.2491,2328,6.1031,356.0372,28.1598,N/A,51.8066,79.8156,10,480,520,30,30,726,3,1,13,13,0,0,0,0,0,0,0,0,0,0,450,286,300,886,1400002C000A01E002081E1E02D60301000D000D0000000000000000000000000000000001C2011E012C0376
1,1,69,0,294,39398,0,0,0,1,0,2026 SEP 22 16:46:39,2026 SEP 22 16:58:52,2026 SEP 22 16:46:49,2026 SEP 22 16:58:52,N/A,N/A,2026 SEP 22 16:54:09,2026 SEP 22 16:58:52,2026 SEP 22 16:58:22,65.2516,-132.917,2026 SEP 22 16:54:39,59.2163,-133.7964,2026 SEP 22 16:55:18,-27.5165,2336,6.1206,356.1614,27.8759,N/A,51.2631,78.9899,10,480,519,30,30,723,3,1,13,13,0,0,0,0,0,0,0,0,0,0,450,283,300,879,1400002C000A01E002071E1E02D30301000D000D0000000000000000000000000000000001C2011B012C036F
1,1,70,0,296,39400,0,0,0,1,0,2026 SEP 22 20:42:37,2026 SEP 22 20:54:50,2026 SEP 22 20:42:47,2026 SEP 22 20:54:50,N/A,N/A,2026 SEP 22 20:50:07,2026 SEP 22 20:54:50,2026 SEP 22 20:54:20,65.6174,169.6412,2026 SEP 22 20:50:37,59.6914,167.9349,2026 SEP 22 20:51:16,-27.0461,2341,6.0642,356.2442,27.8759,N/A,51.2631,78.9899,10,480,519,30,30,723,3,1,13,13,0,0,0,0,0,0,0,0,0,0,450,283,300,879,1400002C000A01E002071E1E02D30301000D000D0000000000000000000000000000000001C2011B012C036F
1,1,71,0,298,39402,0,0,0,1,0,2026 SEP 23 00:38:24,2026 SEP 23 00:50:36,2026 SEP 23 00:38:34,2026 SEP 23 00:50:36,N/A,N/A,2026 SEP 23 00:45:54,2026 SEP 23 00:50:36,2026 SEP 23 00:50:06,65.8138,112.2191,2026 SEP 23 00:46:24,60.0165,109.5251,2026 SEP 23 00:47:03,-26.5847,2347,5.9956,356.327,27.7812,N/A,51.082,78.7147,10,480,519,30,30,722,3,1,13,13,0,0,0,0,0,0,0,0,0,0,450,282,300,877,1400002C000A01E002071E1E02D20301000D000D0000000000000000000000000000000001C2011A012C036D
1,1,72,0,300,39404,0,0,0,1,0,2026 SEP 23 04:34:21,2026 SEP 23 04:46:32,2026 SEP 23 04:34:31,2026 SEP 23 04:46:32,N/A,N/A,2026 SEP 23 04:41:51,2026 SEP 23 04:46:32,2026 SEP 23 04:46:02,65.9587,54.747,2026 SEP 23 04:42:21,60.2806,52.6598,2026 SEP 23 04:43:00,-26.1001,2352,6.0325,356.4098,27.6866,N/A,50.9009,78.4394,10,480,519,30,30,721,3,1,13,13,0,0,0,0,0,0,0,0,0,0,450,281,300,875,1400002C000A01E002071E1E02D10301000D000D0000000000000000000000000000000001C20119012C036B
1,1,73,0,302,39406,0,0,0,1,0,2026 SEP 23 08:30:17,2026 SEP 23 08:42:26,2026 SEP 23 08:30:27,2026 SEP 23 08:42:26,N/A,N/A,2026 SEP 23 08:37:47,2026 SEP 23 08:42:26,2026 SEP 23 08:41:56,66.2354,-2.6965,2026 SEP 23 08:38:17,60.7088,-5.1861,2026 SEP 23 08:38:56,-25.6108,2358,6.0039,356.4925,27.4973,N/A,50.5386,77.889,10,480,519,30,30,719,3,1,13,13,0,0,0,0,0,0,0,0,0,0,450,279,300,871,1400002C000A01E002071E1E02CF0301000D000D0000000000000000000000000000000001C20117012C0367
1,1,74,0,304,39408,0,0,0,1,0,2026 SEP 23 12:26:06,2026 SEP 23 12:38:15,2026 SEP 23 12:26:16,2026 SEP 23 12:38:15,N/A,N/A,2026 SEP 23 12:33:36,2026 SEP 23 12:38:15,2026 SEP 23 12:37:45,66.4891,-60.1245,2026 SEP 23 12:34:06,61.0513,-62.0148,2026 SEP 23 12:34:44,-25.1512,2362,6.0411,356.5752,27.4973,N/A,50.5386,77.889,10,480,518,30,30,719,3,1,13,13,0,0,0,0,0,0,0,0,0,0,450,279,300,870,1400002C000A01E002061E1E02CF0301000D000D0000000000000000000000000000000001C20117012C0366
1,1,75,0,307,39411,0,0,0,1,0,2026 SEP 23 18:19:58,2026 SEP 23 18:32:04,2026 SEP 23 18:20:08,2026 SEP 23 18:32:04,N/A,N/A,2026 SEP 23 18:27:28,2026 SEP 23 18:32:04,2026 SEP 23 18:31:34,66.7004,-146.3181,2026 SEP 23 18:27:58,61.4816,-148.1372,2026 SEP 23 18:28:36,-24.4163,2370,6.0406,356.6993,27.2134,N/A,49.9952,77.0633,10,480,518,30,30,716,3,1,13,13,0,0,0,0,0,0,0,0,0,0,450,276,300,864,1400002C000A01E002061E1E02CC0301000D000D0000000000000000000000000000000001C20114012C0360
1,1,76,0,309,39413,0,0,0,1,0,2026 SEP 23 22:15:54,2026 SEP 23 22:28:00,2026 SEP 23 22:16:04,2026 SEP 23 22:28:00,N/A,N/A,2026 SEP 23 22:23:24,2026 SEP 23 22:28:00,2026 SEP 23 22:27:30,67.0646,156.2402,2026 SEP 23 22:23:54,61.926,155.4587,2026 SEP 23 22:24:32,-23.9526,2374,6.1081,356.7819,27.2134,N/A,49.9952,77.0633,10,480,518,30,30,716,3,1,13,13,0,0,0,0,0,0,0,0,0,0,450,276,300,864,1400002C000A01E002061E1E02CC0301000D000D0000000000000000000000000000000001C20114012C0360
1,1,77,0,311,39415,0,0,0,1,0,2026 SEP 24 02:11:40,2026 SEP 24 02:23:44,2026 SEP 24 02:11:50,2026 SEP 24 02:23:44,N/A,N/A,2026 SEP 24 02:19:10,2026 SEP 24 02:23:44,2026 SEP 24 02:23:14,67.147,98.8014,2026 SEP 24 02:19:40,62.1588,97.2727,2026 SEP 24 02:20:18,-23.4848,2379,6.0542,356.8645,27.0241,N/A,49.6329,76.5128,10,480,518,30,30,714,3,1,13,13,0,0,0,0,0,0,0,0,0,0,450,274,300,860,1400002C000A01E002061E1E02CA0301000D000D0000000000000000000000000000000001C20112012C035C
1,1,78,0,314,39418,0,0,0,1,0,2026 SEP 24 08:05:36,2026 SEP 24 08:17:39,2026 SEP 24 08:05:46,2026 SEP 24 08:17:39,N/A,N/A,2026 SEP 24 08:13:06,2026 SEP 24 08:17:39,2026 SEP 24 08:17:09,67.4894,12.5984,2026 SEP 24 08:13:36,62.6737,10.9516,2026 SEP 24 08:14:13,-22.7465,2386,6.0417,356.9885,26.9294,N/A,49.4517,76.2375,10,480,517,30,30,713,3,1,13,13,0,0,0,0,0,0,0,0,0,0,450,273,300,857,1400002C000A01E002051E1E02C90301000D000D0000000000000000000000000000000001C20111012C0359
1,1,79,0,315,39419,0,0,0,1,0,2026 SEP 24 10:03:31,2026 SEP 24 10:15:34,2026 SEP 24 10:03:41,2026 SEP 24 10:15:34,N/A,N/A,2026 SEP 24 10:11:01,2026 SEP 24 10:15:34,2026 SEP 24 10:15:04,67.6408,-16.1173,2026 SEP 24 10:11:31,62.8753,-19.1677,2026 SEP 24 10:12:09,-22.5156,2389,5.9467,357.0298,26.9294,N/A,49.4517,76.2375,10,480,518,30,30,713,3,1,13,13,0,0,0,0,0,0,0,0,0,0,450,273,300,858,1400002C000A01E002061E1E02C90301000D000D0000000000000000000000000000000001C20111012C035A
1,1,80,0,318,39422,0,0,0,1,0,2026 SEP 24 15:57:16,2026 SEP 24 16:09:17,2026 SEP 24 15:57:26,2026 SEP 24 16:09:17,N/A,N/A,2026 SEP 24 16:04:46,2026 SEP 24 16:09:17,2026 SEP 24 16:08:47,67.8424,-102.2968,2026 SEP 24 16:05:16,63.2532,-103.1856,2026 SEP 24 16:05:53,-21.7954,2395,6.0847,357.1536,26.7402,N/A,49.0894,75.6871,10,480,517,30,30,711,3,1,13,13,0,0,0,0,0,0,0,0,0,0,450,271,300,853,1400002C000A01E002051E1E02C70301000D000D0000000000000000000000000000000001C2010F012C0355
1,1,81,0,320,39424,0,0,0,1,0,2026 SEP 24 19:53:13,2026 SEP 24 20:05:14,2026 SEP 24 19:53:23,2026 SEP 24 20:05:14,N/A,N/A,2026 SEP 24 20:00:43,2026 SEP 24 20:05:14,2026 SEP 24 20:04:44,68.0848,-159.7687,2026 SEP 24 20:01:13,63.6005,-162.9838,2026 SEP 24 20:01:51,-21.3133,2399,5.9261,357.2362,26.7402,N/A,49.0894,75.6871,10,480,518,30,30,711,3,1,13,13,0,0,0,0,0,0,0,0,0,0,450,271,300,854,1400002C000A01E002061E1E02C70301000D000D0000000000000000000000000000000001C2010F012C0356
1,1,82,0,323,39427,0,0,0,1,0,2026 SEP 25 01:46:58,2026 SEP 25 01:58:57,2026 SEP 25 01:47:08,2026 SEP 25 01:58:57,N/A,N/A,2026 SEP 25 01:54:28,2026 SEP 25 01:58:57,2026 SEP 25 01:58:27,68.4204,114.0674,2026 SEP 25 01:54:58,64.1017,113.7186,2026 SEP 25 01:55:34,-20.6177,2404,6.1122,357.3599,26.5509,N/A,48.7272,75.1366,10,480,516,30,30,709,3,1,13,13,0,0,0,0,0,0,0,0,0,0,450,269,300,848,1400002C000A01E002041E1E02C50301000D000D0000000000000000000000000000000001C2010D012C0350
1,1,83,0,329,39433,0,0,0,1,0,2026 SEP 25 13:34:37,2026 SEP 25 13:46:35,2026 SEP 25 13:34:47,2026 SEP 25 13:46:35,N/A,N/A,2026 SEP 25 13:42:07,2026 SEP 25 13:46:35,2026 SEP 25 13:46:05,69.0339,-58.3269,2026 SEP 25 13:42:37,65.0352,-59.8139,2026 SEP 25 13:43:13,-19.1823,2415,6.0242,357.6073,26.4562,N/A,48.546,74.8613,10,480,516,30,30,708,3,1,13,13,0,0,0,0,0,0,0,0,0,0,450,268,300,846,1400002C000A01E002041E1E02C40301000D000D0000000000000000000000000000000001C2010C012C034E
1,1,84,0,331,39435,0,0,0,1,0,2026 SEP 25 17:30:29,2026 SEP 25 17:42:26,2026 SEP 25 17:30:39,2026 SEP 25 17:42:26,N/A,N/A,2026 SEP 25 17:37:59,2026 SEP 25 17:42:26,2026 SEP 25 17:41:56,69.1298,-115.8026,2026 SEP 25 17:38:29,65.2474,-118.7398,2026 SEP 25 17:39:06,-18.6908,2419,5.9225,357.6897,26.3616,N/A,48.3649,74.5861,10,480,517,30,30,707,3,1,13,13,0,0,0,0,0,0,0,0,0,0,450,267,300,845,1400002C000A01E002051E1E02C30301000D000D0000000000000000000000000000000001C2010B012C034D
1,1,85,0,333,39437,0,0,0,1,0,2026 SEP 25 21:26:27,2026 SEP 25 21:38:23,2026 SEP 25 21:26:37,2026 SEP 25 21:38:23,N/A,N/A,2026 SEP 25 21:33:57,2026 SEP 25 21:38:23,2026 SEP 25 21:37:53,69.4101,-173.2788,2026 SEP 25 21:34:27,65.6352,-173.9403,2026 SEP 25 21:35:03,-18.2163,2422,6.0708,357.7721,26.2669,N/A,48.1837,74.3109,10,480,516,30,30,706,3,1,13,13,0,0,0,0,0,0,0,0,0,0,450,266,300,842,1400002C000A01E002041E1E02C20301000D000D0000000000000000000000000000000001C2010A012C034A
