Orbit 80/40 or 60/60 or OFF (1-11 = 80/40; 101-111 = 60/60; 12 = switch off),Orbit type,Ingress solar occultation observation number,Merged Occultation (YES = 1; NO = 0),Thermal orbit/nightside number,ESA orbit number,LNO+UVIS operating (YES = 1; NO = 0),UVIS alone operating (YES = 1; NO = 0),LNO alone operating (YES = 1; NO = 0),SO+UVIS operating (YES = 1; NO = 0),SO alone operating (YES = 1; NO = 0),TC20 execution start time (UTC),TC20 execution end time (UTC),SO start time (UTC),SO end time (UTC),LNO start time (UTC),LNO end time (UTC),UVIS start time (UTC),UVIS end time (UTC),Limb Height 250 km (UTC),Latitude probed @ limb height 250 km (deg),Longitude probed @ limb height 250 km (deg),Limb Height 0 km (UTC),Latitude probed @ limb height 0 km (deg),Longitude probed @ limb height 0 km (deg),Limb Height 50 km: switch SCI1 to SCI2 (UTC),Beta angle (deg),Eclipse duration (Umbra end - Umbra start) (s),Local Solar Time (LST): TGO2SUN vector surface intercept point @ limb height 0 km (h),Solar longitude Ls (deg),SO+SINBAD data volume (Mbit),LNO+SINBAD data volume (Mbit),UVIS+SINBAD data volume (Mbit),Channel(s)+SINBAD data volume (Mbit),TC20 SO_START_TIME,TC20 SO_START_SCIENCE_1,TC20 SO_START_SCIENCE_2,TC20 SO_DURATION_REFERENCE_1,TC20 SO_DURATION_REFERENCE_2,TC20 SO_DURATION_TIME,TC20 SO_COP_GENERAL,TC20 SO_COP_PRECOOLING,TC20 SO_COP_SCIENCE_1,TC20 SO_COP_SCIENCE_2,TC20 LNO_START_TIME,TC20 LNO_START_SCIENCE_1,TC20 LNO_START_SCIENCE_2,TC20 LNO_DURATION_REFERENCE_1,TC20 LNO_DURATION_REFERENCE_2,TC20 LNO_DURATION_TIME,TC20 LNO_COP_GENERAL,TC20 LNO_COP_PRECOOLING,TC20 LNO_COP_SCIENCE_1,TC20 LNO_COP_SCIENCE_2,TC20 UVIS_START_TIME,TC20 UVIS_DURATION_TIME,TC20 UVIS_COP_ROW,TC20 CHECKSUM,TC20 (HEX)
5,5,1,1,140,39243,0,0,0,1,0,2026 SEP 10 01:27:48,2026 SEP 10 02:09:53,2026 SEP 10 01:27:58,2026 SEP 10 02:09:53,N/A,N/A,2026 SEP 10 01:35:18,2026 SEP 10 02:09:53,2026 SEP 10 01:35:48,-78.9336,-50.1015,2026 SEP 10 01:52:06,-26.9368,-33.2663,2026 SEP 10 01:46:17,-63.8707,103,5.8372,349.711,197.4746,N/A,375.8694,572.2162,10,480,1458,30,30,2515,3,1,13,13,0,0,0,0,0,0,0,0,0,0,450,2075,300,1067,1400002C000A01E005B21E1E09D30301000D000D0000000000000000000000000000000001C2081B012C042B
5,5,2,1,141,39244,0,0,0,1,0,2026 SEP 10 03:25:36,2026 SEP 10 04:07:57,2026 SEP 10 03:25:46,2026 SEP 10 04:07:57,N/A,N/A,2026 SEP 10 03:33:06,2026 SEP 10 04:07:57,2026 SEP 10 03:33:36,-79.2635,-79.441,2026 SEP 10 03:48:26,-32.276,-62.3293,2026 SEP 10 03:43:51,-63.6575,298,5.7869,349.7527,198.9888,N/A,378.7676,576.62,10,480,1370,30,30,2531,3,1,13,13,0,0,0,0,0,0,0,0,0,0,450,2091,300,1011,1400002C000A01E0055A1E1E09E30301000D000D0000000000000000000000000000000001C2082B012C03F3
5,5,3,1,142,39245,0,0,0,1,0,2026 SEP 10 05:23:27,2026 SEP 10 06:05:59,2026 SEP 10 05:23:37,2026 SEP 10 06:05:59,N/A,N/A,2026 SEP 10 05:30:57,2026 SEP 10 06:05:59,2026 SEP 10 05:31:27,-79.3706,-108.2766,2026 SEP 10 05:45:33,-34.8893,-91.1374,2026 SEP 10 05:41:28,-63.4513,395,5.7664,349.7946,200.0299,N/A,380.7602,579.6476,10,480,1326,30,30,2542,3,1,13,13,0,0,0,0,0,0,0,0,0,0,450,2102,300,989,1400002C000A01E0052E1E1E09EE0301000D000D0000000000000000000000000000000001C20836012C03DD
5,5,4,1,143,39246,0,0,0,1,0,2026 SEP 10 07:21:19,2026 SEP 10 08:03:59,2026 SEP 10 07:21:29,2026 SEP 10 08:03:59,N/A,N/A,2026 SEP 10 07:28:49,2026 SEP 10 08:03:59,2026 SEP 10 07:29:19,-79.4498,-137.0498,2026 SEP 10 07:42:51,-36.9087,-120.0025,2026 SEP 10 07:39:07,-63.2199,471,5.745,349.8367,200.787,N/A,382.2093,581.8495,10,480,1292,30,30,2550,3,1,13,13,0,0,0,0,0,0,0,0,0,0,450,2110,300,971,1400002C000A01E0050C1E1E09F60301000D000D0000000000000000000000000000000001C2083E012C03CB
1,1,5,0,144,39247,0,0,0,1,0,2026 SEP 10 09:19:09,2026 SEP 10 09:40:37,2026 SEP 10 09:19:19,2026 SEP 10 09:40:37,N/A,N/A,2026 SEP 10 09:26:39,2026 SEP 10 09:40:37,2026 SEP 10 09:27:09,-79.7847,-166.4789,2026 SEP 10 09:40:07,-39.1918,-149.0117,2026 SEP 10 09:36:42,-62.9576,553,5.7136,349.8787,80.4022,N/A,151.7969,231.7469,10,480,1053,30,30,1278,3,1,13,13,0,0,0,0,0,0,0,0,0,0,450,838,300,993,1400002C000A01E0041D1E1E04FE0301000D000D0000000000000000000000000000000001C20346012C03E1
1,1,6,0,145,39248,0,0,0,1,0,2026 SEP 10 11:17:01,2026 SEP 10 11:37:59,2026 SEP 10 11:17:11,2026 SEP 10 11:37:59,N/A,N/A,2026 SEP 10 11:24:31,2026 SEP 10 11:37:59,2026 SEP 10 11:25:01,-80.1291,164.0015,2026 SEP 10 11:37:29,-41.3014,-177.4693,2026 SEP 10 11:34:20,-62.7091,627,5.7206,349.9208,77.563,N/A,146.3626,223.4898,10,480,1039,30,30,1248,3,1,13,13,0,0,0,0,0,0,0,0,0,0,450,808,300,919,1400002C000A01E0040F1E1E04E00301000D000D0000000000000000000000000000000001C20328012C0397
1,1,7,0,146,39249,0,0,0,1,0,2026 SEP 10 13:14:57,2026 SEP 10 13:35:32,2026 SEP 10 13:15:07,2026 SEP 10 13:35:32,N/A,N/A,2026 SEP 10 13:22:27,2026 SEP 10 13:35:32,2026 SEP 10 13:22:57,-80.2837,134.9707,2026 SEP 10 13:35:02,-42.7394,153.2675,2026 SEP 10 13:32:04,-62.4854,687,5.6767,349.9629,75.3862,N/A,142.1964,217.1593,10,480,1027,30,30,1225,3,1,13,13,0,0,0,0,0,0,0,0,0,0,450,785,300,861,1400002C000A01E004031E1E04C90301000D000D0000000000000000000000000000000001C20311012C035D
1,1,8,0,147,39250,0,0,0,1,0,2026 SEP 10 15:12:51,2026 SEP 10 15:33:07,2026 SEP 10 15:13:01,2026 SEP 10 15:33:07,N/A,N/A,2026 SEP 10 15:20:21,2026 SEP 10 15:33:07,2026 SEP 10 15:20:51,-80.4017,106.047,2026 SEP 10 15:32:37,-43.9536,124.4827,2026 SEP 10 15:29:48,-62.278,737,5.6653,350.005,73.588,N/A,138.7547,211.9298,10,480,1017,30,30,1206,3,1,13,13,0,0,0,0,0,0,0,0,0,0,450,766,300,1323,1400002C000A01E003F91E1E04B60301000D000D0000000000000000000000000000000001C202FE012C052B
1,1,9,0,148,39251,0,0,0,1,0,2026 SEP 10 17:10:39,2026 SEP 10 17:30:39,2026 SEP 10 17:10:49,2026 SEP 10 17:30:39,N/A,N/A,2026 SEP 10 17:18:09,2026 SEP 10 17:30:39,2026 SEP 10 17:18:39,-80.634,76.7847,2026 SEP 10 17:30:09,-45.1861,96.356,2026 SEP 10 17:27:28,-62.0687,781,5.6969,350.0471,72.0737,N/A,135.8564,207.526,10,480,1009,30,30,1190,3,1,13,13,0,0,0,0,0,0,0,0,0,0,450,750,300,1283,1400002C000A01E003F11E1E04A60301000D000D0000000000000000000000000000000001C202EE012C0503
1,1,10,0,149,39252,0,0,0,1,0,2026 SEP 10 19:08:26,2026 SEP 10 19:28:11,2026 SEP 10 19:08:36,2026 SEP 10 19:28:11,N/A,N/A,2026 SEP 10 19:15:56,2026 SEP 10 19:28:11,2026 SEP 10 19:16:26,-80.9173,47.3224,2026 SEP 10 19:27:41,-46.3523,67.3887,2026 SEP 10 19:25:06,-61.8342,822,5.6725,350.0892,70.6541,N/A,133.1393,203.3974,10,480,1000,30,30,1175,3,1,13,13,0,0,0,0,0,0,0,0,0,0,450,735,300,1244,1400002C000A01E003E81E1E04970301000D000D0000000000000000000000000000000001C202DF012C04DC
1,1,11,0,150,39253,0,0,0,1,0,2026 SEP 10 21:06:22,2026 SEP 10 21:25:52,2026 SEP 10 21:06:32,2026 SEP 10 21:25:52,N/A,N/A,2026 SEP 10 21:13:52,2026 SEP 10 21:25:52,2026 SEP 10 21:14:22,-80.9729,18.5634,2026 SEP 10 21:25:22,-47.238,38.1766,2026 SEP 10 21:22:52,-61.5918,858,5.6344,350.1313,69.2345,N/A,130.4221,199.2689,10,480,990,30,30,1160,3,1,13,13,0,0,0,0,0,0,0,0,0,0,450,720,300,1204,1400002C000A01E003DE1E1E04880301000D000D0000000000000000000000000000000001C202D0012C04B4
1,1,12,0,152,39255,0,0,0,1,0,2026 SEP 11 01:02:11,2026 SEP 11 01:21:13,2026 SEP 11 01:02:21,2026 SEP 11 01:21:13,N/A,N/A,2026 SEP 11 01:09:41,2026 SEP 11 01:21:13,2026 SEP 11 01:10:11,-81.3052,-39.7318,2026 SEP 11 01:20:43,-49.2304,-19.3425,2026 SEP 11 01:18:24,-61.1069,935,5.6178,350.2156,66.5845,N/A,125.3502,191.5622,10,480,973,30,30,1132,3,1,13,13,0,0,0,0,0,0,0,0,0,0,450,692,300,1131,1400002C000A01E003CD1E1E046C0301000D000D0000000000000000000000000000000001C202B4012C046B
1,1,13,0,154,39257,0,0,0,1,0,2026 SEP 11 04:57:50,2026 SEP 11 05:16:31,2026 SEP 11 04:58:00,2026 SEP 11 05:16:31,N/A,N/A,2026 SEP 11 05:05:20,2026 SEP 11 05:16:31,2026 SEP 11 05:05:50,-81.782,-98.6506,2026 SEP 11 05:16:01,-51.0383,-76.3889,2026 SEP 11 05:13:50,-60.6708,1004,5.6322,350.2998,64.597,N/A,121.5462,185.7822,10,480,960,30,30,1111,3,1,13,13,0,0,0,0,0,0,0,0,0,0,450,671,300,1076,1400002C000A01E003C01E1E04570301000D000D0000000000000000000000000000000001C2029F012C0434
1,1,14,0,155,39258,0,0,0,1,0,2026 SEP 11 06:55:42,2026 SEP 11 07:14:13,2026 SEP 11 06:55:52,2026 SEP 11 07:14:13,N/A,N/A,2026 SEP 11 07:03:12,2026 SEP 11 07:14:13,2026 SEP 11 07:03:42,-81.8189,-127.341,2026 SEP 11 07:13:43,-51.6571,-105.1674,2026 SEP 11 07:11:36,-60.4523,1029,5.6231,350.3419,63.6506,N/A,119.7348,183.0298,10,480,954,30,30,1101,3,1,13,13,0,0,0,0,0,0,0,0,0,0,450,661,300,1050,1400002C000A01E003BA1E1E044D0301000D000D0000000000000000000000000000000001C20295012C041A
1,1,15,0,157,39260,0,0,0,1,0,2026 SEP 11 10:51:25,2026 SEP 11 11:09:34,2026 SEP 11 10:51:35,2026 SEP 11 11:09:34,N/A,N/A,2026 SEP 11 10:58:55,2026 SEP 11 11:09:34,2026 SEP 11 10:59:25,-82.2955,173.4935,2026 SEP 11 11:09:04,-53.4449,-163.174,2026 SEP 11 11:07:04,-59.9468,1094,5.5742,350.4261,61.5685,N/A,115.7497,176.9746,10,480,939,30,30,1079,3,1,13,13,0,0,0,0,0,0,0,0,0,0,450,639,300,991,1400002C000A01E003AB1E1E04370301000D000D0000000000000000000000000000000001C2027F012C03DF
1,1,16,0,159,39262,0,0,0,1,0,2026 SEP 11 14:47:16,2026 SEP 11 15:05:06,2026 SEP 11 14:47:26,2026 SEP 11 15:05:06,N/A,N/A,2026 SEP 11 14:54:46,2026 SEP 11 15:05:06,2026 SEP 11 14:55:16,-82.5559,115.1496,2026 SEP 11 15:04:36,-54.8278,139.0427,2026 SEP 11 15:02:42,-59.493,1153,5.5431,350.5103,59.7703,N/A,112.308,171.7451,10,480,926,30,30,1060,3,1,13,13,0,0,0,0,0,0,0,0,0,0,450,620,300,940,1400002C000A01E0039E1E1E04240301000D000D0000000000000000000000000000000001C2026C012C03AC
1,1,17,0,160,39263,0,0,0,1,0,2026 SEP 11 16:45:08,2026 SEP 11 17:02:50,2026 SEP 11 16:45:18,2026 SEP 11 17:02:50,N/A,N/A,2026 SEP 11 16:52:38,2026 SEP 11 17:02:50,2026 SEP 11 16:53:08,-82.6487,86.1577,2026 SEP 11 17:02:20,-55.4352,110.7223,2026 SEP 11 17:00:28,-59.2851,1178,5.565,350.5524,59.0131,N/A,110.8588,169.5432,10,480,920,30,30,1052,3,1,13,13,0,0,0,0,0,0,0,0,0,0,450,612,300,918,1400002C000A01E003981E1E041C0301000D000D0000000000000000000000000000000001C20264012C0396
1,1,18,0,162,39265,0,0,0,1,0,2026 SEP 11 20:40:47,2026 SEP 11 20:58:15,2026 SEP 11 20:40:57,2026 SEP 11 20:58:15,N/A,N/A,2026 SEP 11 20:48:17,2026 SEP 11 20:58:15,2026 SEP 11 20:48:47,-83.0171,27.1391,2026 SEP 11 20:57:45,-56.68,52.8725,2026 SEP 11 20:55:57,-58.8183,1222,5.5275,350.6366,57.6881,N/A,108.3228,165.6898,10,480,910,30,30,1038,3,1,13,13,0,0,0,0,0,0,0,0,0,0,450,598,300,880,1400002C000A01E0038E1E1E040E0301000D000D0000000000000000000000000000000001C20256012C0370
1,1,19,0,165,39268,0,0,0,1,0,2026 SEP 12 02:34:32,2026 SEP 12 02:51:37,2026 SEP 12 02:34:42,2026 SEP 12 02:51:37,N/A,N/A,2026 SEP 12 02:42:02,2026 SEP 12 02:51:37,2026 SEP 12 02:42:32,-83.3758,-60.5881,2026 SEP 12 02:51:07,-58.492,-32.9487,2026 SEP 12 02:49:26,-58.0942,1292,5.5389,350.7628,55.5114,N/A,104.1566,159.3594,10,480,894,30,30,1015,3,1,13,13,0,0,0,0,0,0,0,0,0,0,450,575,300,1073,1400002C000A01E0037E1E1E03F70301000D000D0000000000000000000000000000000001C2023F012C0431
1,1,20,0,167,39270,0,0,0,1,0,2026 SEP 12 06:30:13,2026 SEP 12 06:47:08,2026 SEP 12 06:30:23,2026 SEP 12 06:47:08,N/A,N/A,2026 SEP 12 06:37:43,2026 SEP 12 06:47:08,2026 SEP 12 06:38:13,-83.65,-119.4087,2026 SEP 12 06:46:38,-59.3688,-91.3716,2026 SEP 12 06:45:00,-57.6616,1331,5.465,350.847,54.5649,N/A,102.3452,156.607,10,480,887,30,30,1005,3,1,13,13,0,0,0,0,0,0,0,0,0,0,450,565,300,1046,1400002C000A01E003771E1E03ED0301000D000D0000000000000000000000000000000001C20235012C0416
1,1,21,0,168,39271,0,0,0,1,0,2026 SEP 12 08:28:06,2026 SEP 12 08:44:54,2026 SEP 12 08:28:16,2026 SEP 12 08:44:54,N/A,N/A,2026 SEP 12 08:35:36,2026 SEP 12 08:44:54,2026 SEP 12 08:36:06,-83.6993,-148.2424,2026 SEP 12 08:44:24,-59.8329,-120.1187,2026 SEP 12 08:42:47,-57.4245,1349,5.4592,350.889,53.9024,N/A,101.0772,154.6803,10,480,881,30,30,998,3,1,13,13,0,0,0,0,0,0,0,0,0,0,450,558,300,1026,1400002C000A01E003711E1E03E60301000D000D0000000000000000000000000000000001C2022E012C0402
1,1,22,0,173,39276,0,0,0,1,0,2026 SEP 12 18:17:33,2026 SEP 12 18:33:52,2026 SEP 12 18:17:43,2026 SEP 12 18:33:52,N/A,N/A,2026 SEP 12 18:25:03,2026 SEP 12 18:33:52,2026 SEP 12 18:25:33,-84.4051,63.5835,2026 SEP 12 18:33:22,-62.4774,96.4176,2026 SEP 12 18:31:53,-56.2598,1450,5.4497,351.0993,51.1578,N/A,95.824,146.6984,10,480,860,30,30,969,3,1,13,13,0,0,0,0,0,0,0,0,0,0,450,529,300,947,1400002C000A01E0035C1E1E03C90301000D000D0000000000000000000000000000000001C20211012C03B3
1,1,23,0,175,39278,0,0,0,1,0,2026 SEP 12 22:13:18,2026 SEP 12 22:29:27,2026 SEP 12 22:13:28,2026 SEP 12 22:29:27,N/A,N/A,2026 SEP 12 22:20:48,2026 SEP 12 22:29:27,2026 SEP 12 22:21:18,-84.6321,4.4389,2026 SEP 12 22:28:57,-63.3365,38.3476,2026 SEP 12 22:27:30,-55.7779,1481,5.4006,351.1834,50.2114,N/A,94.0126,143.9461,10,480,852,30,30,959,3,1,13,13,0,0,0,0,0,0,0,0,0,0,450,519,300,919,1400002C000A01E003541E1E03BF0301000D000D0000000000000000000000000000000001C20207012C0397
1,1,24,0,177,39280,0,0,0,1,0,2026 SEP 13 02:09:08,2026 SEP 13 02:25:08,2026 SEP 13 02:09:18,2026 SEP 13 02:25:08,N/A,N/A,2026 SEP 13 02:16:38,2026 SEP 13 02:25:08,2026 SEP 13 02:17:08,-84.8546,-54.8925,2026 SEP 13 02:24:38,-64.1322,-19.9267,2026 SEP 13 02:23:13,-55.2893,1516,5.3392,351.2674,49.3596,N/A,92.3824,141.4689,10,480,845,30,30,950,3,1,13,13,0,0,0,0,0,0,0,0,0,0,450,510,300,1149,1400002C000A01E0034D1E1E03B60301000D000D0000000000000000000000000000000001C201FE012C047D
1,1,25,0,178,39281,0,0,0,1,0,2026 SEP 13 04:06:59,2026 SEP 13 04:22:55,2026 SEP 13 04:07:09,2026 SEP 13 04:22:55,N/A,N/A,2026 SEP 13 04:14:29,2026 SEP 13 04:22:55,2026 SEP 13 04:14:59,-85.0092,-85.1883,2026 SEP 13 04:22:25,-64.7002,-47.3897,2026 SEP 13 04:21:02,-55.0614,1532,5.4192,351.3095,48.9811,N/A,91.6578,140.368,10,480,843,30,30,946,3,1,13,13,0,0,0,0,0,0,0,0,0,0,450,506,300,1139,1400002C000A01E0034B1E1E03B20301000D000D0000000000000000000000000000000001C201FA012C0473
1,1,26,0,180,39283,0,0,0,1,0,2026 SEP 13 08:02:43,2026 SEP 13 08:18:31,2026 SEP 13 08:02:53,2026 SEP 13 08:18:31,N/A,N/A,2026 SEP 13 08:10:13,2026 SEP 13 08:18:31,2026 SEP 13 08:10:43,-85.1077,-143.2279,2026 SEP 13 08:18:01,-65.1796,-106.5678,2026 SEP 13 08:16:39,-54.6194,1559,5.2961,351.3935,48.2239,N/A,90.2086,138.1661,10,480,836,30,30,938,3,1,13,13,0,0,0,0,0,0,0,0,0,0,450,498,300,1116,1400002C000A01E003441E1E03AA0301000D000D0000000000000000000000000000000001C201F2012C045C
1,1,27,0,182,39285,0,0,0,1,0,2026 SEP 13 11:58:29,2026 SEP 13 12:14:07,2026 SEP 13 11:58:39,2026 SEP 13 12:14:07,N/A,N/A,2026 SEP 13 12:05:59,2026 SEP 13 12:14:07,2026 SEP 13 12:06:29,-85.3935,155.8416,2026 SEP 13 12:13:37,-66.293,-162.9715,2026 SEP 13 12:12:18,-54.1129,1591,5.3581,351.4775,47.2775,N/A,88.3972,135.4137,10,480,829,30,30,928,3,1,13,13,0,0,0,0,0,0,0,0,0,0,450,488,300,1089,1400002C000A01E0033D1E1E03A00301000D000D0000000000000000000000000000000001C201E8012C0441
1,1,28,0,183,39286,0,0,0,1,0,2026 SEP 13 13:56:25,2026 SEP 13 14:11:59,2026 SEP 13 13:56:35,2026 SEP 13 14:11:59,N/A,N/A,2026 SEP 13 14:03:55,2026 SEP 13 14:11:59,2026 SEP 13 14:04:25,-85.4997,125.7226,2026 SEP 13 14:11:29,-66.7054,168.3033,2026 SEP 13 14:10:11,-53.8757,1607,5.3553,351.5195,46.8989,N/A,87.6727,134.3127,10,480,826,30,30,924,3,1,13,13,0,0,0,0,0,0,0,0,0,0,450,484,300,1078,1400002C000A01E0033A1E1E039C0301000D000D0000000000000000000000000000000001C201E4012C0436
1,1,29,0,185,39288,0,0,0,1,0,2026 SEP 13 17:52:13,2026 SEP 13 18:07:40,2026 SEP 13 17:52:23,2026 SEP 13 18:07:40,N/A,N/A,2026 SEP 13 17:59:43,2026 SEP 13 18:07:40,2026 SEP 13 18:00:13,-85.6016,67.2912,2026 SEP 13 18:07:10,-67.2574,110.4751,2026 SEP 13 18:05:54,-53.4403,1634,5.3236,351.6035,46.2364,N/A,86.4047,132.3861,10,480,821,30,30,917,3,1,13,13,0,0,0,0,0,0,0,0,0,0,450,477,300,1059,1400002C000A01E003351E1E03950301000D000D0000000000000000000000000000000001C201DD012C0423
1,1,30,0,187,39290,0,0,0,1,0,2026 SEP 13 21:47:55,2026 SEP 13 22:03:16,2026 SEP 13 21:48:05,2026 SEP 13 22:03:16,N/A,N/A,2026 SEP 13 21:55:25,2026 SEP 13 22:03:16,2026 SEP 13 21:55:55,-85.8029,6.7136,2026 SEP 13 22:02:46,-67.8643,51.5316,2026 SEP 13 22:01:31,-52.969,1658,5.2164,351.6874,45.6686,N/A,85.3178,130.7346,10,480,816,30,30,911,3,1,13,13,0,0,0,0,0,0,0,0,0,0,450,471,300,1042,1400002C000A01E003301E1E038F0301000D000D0000000000000000000000000000000001C201D7012C0412
1,1,31,0,188,39291,0,0,0,1,0,2026 SEP 13 23:45:53,2026 SEP 14 00:01:09,2026 SEP 13 23:46:03,2026 SEP 14 00:01:09,N/A,N/A,2026 SEP 13 23:53:23,2026 SEP 14 00:01:09,2026 SEP 13 23:53:53,-85.83,-22.1272,2026 SEP 14 00:00:39,-68.2063,23.0117,2026 SEP 13 23:59:25,-52.7227,1671,5.2275,351.7294,45.1954,N/A,84.4121,129.3584,10,480,812,30,30,906,3,1,13,13,0,0,0,0,0,0,0,0,0,0,450,466,300,1028,1400002C000A01E0032C1E1E038A0301000D000D0000000000000000000000000000000001C201D2012C0404
1,1,32,0,191,39294,0,0,0,1,0,2026 SEP 14 05:39:32,2026 SEP 14 05:54:40,2026 SEP 14 05:39:42,2026 SEP 14 05:54:40,N/A,N/A,2026 SEP 14 05:47:02,2026 SEP 14 05:54:40,2026 SEP 14 05:47:32,-86.1013,-113.5978,2026 SEP 14 05:54:10,-69.1775,-63.9443,2026 SEP 14 05:52:57,-52.02,1710,5.1656,351.8553,44.4382,N/A,82.963,127.1565,10,480,805,30,30,898,3,1,13,13,0,0,0,0,0,0,0,0,0,0,450,458,300,1005,1400002C000A01E003251E1E03820301000D000D0000000000000000000000000000000001C201CA012C03ED
1,1,33,0,193,39296,0,0,0,1,0,2026 SEP 14 09:35:17,2026 SEP 14 09:50:18,2026 SEP 14 09:35:27,2026 SEP 14 09:50:18,N/A,N/A,2026 SEP 14 09:42:47,2026 SEP 14 09:50:18,2026 SEP 14 09:43:17,-86.179,-172.1457,2026 SEP 14 09:49:48,-69.7211,-121.5072,2026 SEP 14 09:48:37,-51.5604,1731,5.1508,351.9391,43.7757,N/A,81.695,125.2299,10,480,800,30,30,891,3,1,13,13,0,0,0,0,0,0,0,0,0,0,450,451,300,986,1400002C000A01E003201E1E037B0301000D000D0000000000000000000000000000000001C201C3012C03DA
1,1,34,0,196,39299,0,0,0,1,0,2026 SEP 14 15:29:03,2026 SEP 14 15:43:54,2026 SEP 14 15:29:13,2026 SEP 14 15:43:54,N/A,N/A,2026 SEP 14 15:36:33,2026 SEP 14 15:43:54,2026 SEP 14 15:37:03,-86.4067,95.1731,2026 SEP 14 15:43:24,-70.9392,153.2485,2026 SEP 14 15:42:16,-50.8255,1768,5.2044,352.065,42.8293,N/A,79.8836,122.4775,10,480,793,30,30,881,3,1,13,13,0,0,0,0,0,0,0,0,0,0,450,441,300,959,1400002C000A01E003191E1E03710301000D000D0000000000000000000000000000000001C201B9012C03BF
1,1,35,0,197,39300,0,0,0,1,0,2026 SEP 14 17:26:58,2026 SEP 14 17:41:46,2026 SEP 14 17:27:08,2026 SEP 14 17:41:46,N/A,N/A,2026 SEP 14 17:34:28,2026 SEP 14 17:41:46,2026 SEP 14 17:34:58,-86.4281,66.3603,2026 SEP 14 17:41:16,-71.1117,124.0464,2026 SEP 14 17:40:08,-50.6092,1778,5.17,352.1069,42.5454,N/A,79.3401,121.6518,10,480,790,30,30,878,3,1,13,13,0,0,0,0,0,0,0,0,0,0,450,438,300,950,1400002C000A01E003161E1E036E0301000D000D0000000000000000000000000000000001C201B6012C03B6
1,1,36,0,200,39303,0,0,0,1,0,2026 SEP 14 23:20:34,2026 SEP 14 23:35:14,2026 SEP 14 23:20:44,2026 SEP 14 23:35:14,N/A,N/A,2026 SEP 14 23:28:04,2026 SEP 14 23:35:14,2026 SEP 14 23:28:34,-86.5775,-25.1987,2026 SEP 14 23:34:44,-71.9617,37.0095,2026 SEP 14 23:33:38,-49.9047,1808,5.1019,352.2326,41.7883,N/A,77.891,119.4499,10,480,784,30,30,870,3,1,13,13,0,0,0,0,0,0,0,0,0,0,450,430,300,928,1400002C000A01E003101E1E03660301000D000D0000000000000000000000000000000001C201AE012C03A0
1,1,37,0,202,39305,0,0,0,1,0,2026 SEP 15 03:16:25,2026 SEP 15 03:31:00,2026 SEP 15 03:16:35,2026 SEP 15 03:31:00,N/A,N/A,2026 SEP 15 03:23:55,2026 SEP 15 03:31:00,2026 SEP 15 03:24:25,-86.6548,-86.1373,2026 SEP 15 03:30:30,-72.4761,-21.2699,2026 SEP 15 03:29:24,-49.4141,1830,5.0417,352.3164,41.315,N/A,76.9853,118.0737,10,480,779,30,30,865,3,1,13,13,0,0,0,0,0,0,0,0,0,0,450,425,300,913,1400002C000A01E0030B1E1E03610301000D000D0000000000000000000000000000000001C201A9012C0391
1,1,38,0,204,39307,0,0,0,1,0,2026 SEP 15 07:12:08,2026 SEP 15 07:26:39,2026 SEP 15 07:12:18,2026 SEP 15 07:26:39,N/A,N/A,2026 SEP 15 07:19:38,2026 SEP 15 07:26:39,2026 SEP 15 07:20:08,-86.7208,-147.5771,2026 SEP 15 07:26:09,-73.1714,-76.6547,2026 SEP 15 07:25:05,-48.9646,1849,5.1725,352.4002,40.9365,N/A,76.2607,116.9727,10,480,777,30,30,861,3,1,13,13,0,0,0,0,0,0,0,0,0,0,450,421,300,903,1400002C000A01E003091E1E035D0301000D000D0000000000000000000000000000000001C201A5012C0387
1,1,39,0,207,39310,0,0,0,1,0,2026 SEP 15 13:05:49,2026 SEP 15 13:20:12,2026 SEP 15 13:05:59,2026 SEP 15 13:20:12,N/A,N/A,2026 SEP 15 13:13:19,2026 SEP 15 13:20:12,2026 SEP 15 13:13:49,-86.7873,119.985,2026 SEP 15 13:19:42,-73.96,-164.6087,2026 SEP 15 13:18:39,-48.2265,1877,5.0447,352.5258,40.1793,N/A,74.8116,114.7708,10,480,770,30,30,853,3,1,13,13,0,0,0,0,0,0,0,0,0,0,450,413,300,880,1400002C000A01E003021E1E03550301000D000D0000000000000000000000000000000001C2019D012C0370
1,1,40,0,209,39312,0,0,0,1,0,2026 SEP 15 17:01:42,2026 SEP 15 17:16:01,2026 SEP 15 17:01:52,2026 SEP 15 17:16:01,N/A,N/A,2026 SEP 15 17:09:12,2026 SEP 15 17:16:01,2026 SEP 15 17:09:42,-86.8172,60.0438,2026 SEP 15 17:15:31,-74.3061,136.6666,2026 SEP 15 17:14:29,-47.7651,1896,4.9553,352.6096,39.8008,N/A,74.087,113.6699,10,480,767,30,30,849,3,1,13,13,0,0,0,0,0,0,0,0,0,0,450,409,300,1124,1400002C000A01E002FF1E1E03510301000D000D0000000000000000000000000000000001C20199012C0464
1,1,41,0,211,39314,0,0,0,1,0,2026 SEP 15 20:57:23,2026 SEP 15 21:11:38,2026 SEP 15 20:57:33,2026 SEP 15 21:11:38,N/A,N/A,2026 SEP 15 21:04:53,2026 SEP 15 21:11:38,2026 SEP 15 21:05:23,-86.8282,-1.684,2026 SEP 15 21:11:08,-74.945,80.6101,2026 SEP 15 21:10:07,-47.3158,1912,5.0408,352.6932,39.4222,N/A,73.3625,112.5689,10,480,764,30,30,845,3,1,13,13,0,0,0,0,0,0,0,0,0,0,450,405,300,1113,1400002C000A01E002FC1E1E034D0301000D000D0000000000000000000000000000000001C20195012C0459
1,1,42,0,213,39316,0,0,0,1,0,2026 SEP 16 00:53:17,2026 SEP 16 01:07:26,2026 SEP 16 00:53:27,2026 SEP 16 01:07:26,N/A,N/A,2026 SEP 16 01:00:47,2026 SEP 16 01:07:26,2026 SEP 16 01:01:17,-86.8518,-60.5682,2026 SEP 16 01:06:56,-75.2748,21.302,2026 SEP 16 01:05:56,-46.8259,1929,4.9125,352.7769,38.8543,N/A,72.2756,110.9175,10,480,759,30,30,839,3,1,13,13,0,0,0,0,0,0,0,0,0,0,450,399,300,1096,1400002C000A01E002F71E1E03470301000D000D0000000000000000000000000000000001C2018F012C0448
1,1,43,0,215,39318,0,0,0,1,0,2026 SEP 16 04:49:05,2026 SEP 16 05:03:11,2026 SEP 16 04:49:15,2026 SEP 16 05:03:11,N/A,N/A,2026 SEP 16 04:56:35,2026 SEP 16 05:03:11,2026 SEP 16 04:57:05,-86.8298,-122.942,2026 SEP 16 05:02:41,-75.8371,-35.8111,2026 SEP 16 05:01:42,-46.3431,1946,4.9297,352.8606,38.5704,N/A,71.7322,110.0918,10,480,757,30,30,836,3,1,13,13,0,0,0,0,0,0,0,0,0,0,450,396,300,1088,1400002C000A01E002F51E1E03440301000D000D0000000000000000000000000000000001C2018C012C0440
1,1,44,0,217,39320,0,0,0,1,0,2026 SEP 16 08:44:49,2026 SEP 16 08:58:52,2026 SEP 16 08:44:59,2026 SEP 16 08:58:52,N/A,N/A,2026 SEP 16 08:52:19,2026 SEP 16 08:58:52,2026 SEP 16 08:52:49,-86.8301,177.3188,2026 SEP 16 08:58:22,-76.1027,-94.6792,2026 SEP 16 08:57:23,-45.8978,1961,4.8286,352.9442,38.2865,N/A,71.1888,109.2661,10,480,754,30,30,833,3,1,13,13,0,0,0,0,0,0,0,0,0,0,450,393,300,1079,1400002C000A01E002F21E1E03410301000D000D0000000000000000000000000000000001C20189012C0437
1,1,45,0,219,39322,0,0,0,1,0,2026 SEP 16 12:40:36,2026 SEP 16 12:54:35,2026 SEP 16 12:40:46,2026 SEP 16 12:54:35,N/A,N/A,2026 SEP 16 12:48:06,2026 SEP 16 12:54:35,2026 SEP 16 12:48:36,-86.7616,114.5863,2026 SEP 16 12:54:05,-76.6456,-153.0783,2026 SEP 16 12:53:07,-45.3971,1977,4.7594,353.0278,37.9079,N/A,70.4642,108.1651,10,480,751,30,30,829,3,1,13,13,0,0,0,0,0,0,0,0,0,0,450,389,300,1068,1400002C000A01E002EF1E1E033D0301000D000D0000000000000000000000000000000001C20185012C042C
1,1,46,0,221,39324,0,0,0,1,0,2026 SEP 16 16:36:30,2026 SEP 16 16:50:25,2026 SEP 16 16:36:40,2026 SEP 16 16:50:25,N/A,N/A,2026 SEP 16 16:44:00,2026 SEP 16 16:50:25,2026 SEP 16 16:44:30,-86.7277,54.2506,2026 SEP 16 16:49:55,-77.1269,149.623,2026 SEP 16 16:48:58,-44.9219,1993,4.7658,353.1115,37.5294,N/A,69.7396,107.0642,10,480,748,30,30,825,3,1,13,13,0,0,0,0,0,0,0,0,0,0,450,385,300,1057,1400002C000A01E002EC1E1E03390301000D000D0000000000000000000000000000000001C20181012C0421
1,1,47,0,223,39326,0,0,0,1,0,2026 SEP 16 20:32:13,2026 SEP 16 20:46:05,2026 SEP 16 20:32:23,2026 SEP 16 20:46:05,N/A,N/A,2026 SEP 16 20:39:43,2026 SEP 16 20:46:05,2026 SEP 16 20:40:13,-86.687,-5.9206,2026 SEP 16 20:45:35,-77.6122,93.2234,2026 SEP 16 20:44:39,-44.4792,2006,4.8292,353.195,37.2454,N/A,69.1962,106.2385,10,480,746,30,30,822,3,1,13,13,0,0,0,0,0,0,0,0,0,0,450,382,300,1049,1400002C000A01E002EA1E1E03360301000D000D0000000000000000000000000000000001C2017E012C0419
1,1,48,0,226,39329,0,0,0,1,0,2026 SEP 17 02:26:00,2026 SEP 17 02:39:45,2026 SEP 17 02:26:10,2026 SEP 17 02:39:45,N/A,N/A,2026 SEP 17 02:33:30,2026 SEP 17 02:39:45,2026 SEP 17 02:34:00,-86.628,-95.635,2026 SEP 17 02:39:15,-78.2549,6.2241,2026 SEP 17 02:38:20,-43.7455,2027,4.7669,353.3204,36.5829,N/A,67.9282,104.3118,10,480,740,30,30,815,3,1,13,13,0,0,0,0,0,0,0,0,0,0,450,375,300,1029,1400002C000A01E002E41E1E032F0301000D000D0000000000000000000000000000000001C20177012C0405
1,1,49,0,227,39330,0,0,0,1,0,2026 SEP 17 04:23:54,2026 SEP 17 04:37:38,2026 SEP 17 04:24:04,2026 SEP 17 04:37:38,N/A,N/A,2026 SEP 17 04:31:24,2026 SEP 17 04:37:38,2026 SEP 17 04:31:54,-86.5704,-126.4037,2026 SEP 17 04:37:08,-78.563,-21.5414,2026 SEP 17 04:36:13,-43.5032,2035,4.8283,353.3621,36.4883,N/A,67.7471,104.0366,10,480,739,30,30,814,3,1,13,13,0,0,0,0,0,0,0,0,0,0,450,374,300,1026,1400002C000A01E002E31E1E032E0301000D000D0000000000000000000000000000000001C20176012C0402
1,1,50,0,229,39332,0,0,0,1,0,2026 SEP 17 08:19:38,2026 SEP 17 08:33:20,2026 SEP 17 08:19:48,2026 SEP 17 08:33:20,N/A,N/A,2026 SEP 17 08:27:08,2026 SEP 17 08:33:20,2026 SEP 17 08:27:38,-86.4999,173.5352,2026 SEP 17 08:32:50,-78.9985,-78.0207,2026 SEP 17 08:31:56,-43.0506,2048,4.8869,353.4456,36.299,N/A,67.3848,103.4861,10,480,738,30,30,812,3,1,13,13,0,0,0,0,0,0,0,0,0,0,450,372,300,1021,1400002C000A01E002E21E1E032C0301000D000D0000000000000000000000000000000001C20174012C03FD
1,1,51,0,232,39335,0,0,0,1,0,2026 SEP 17 14:13:22,2026 SEP 17 14:26:58,2026 SEP 17 14:13:32,2026 SEP 17 14:26:58,N/A,N/A,2026 SEP 17 14:20:52,2026 SEP 17 14:26:58,2026 SEP 17 14:21:22,-86.3524,83.1,2026 SEP 17 14:26:28,-79.4661,-168.5156,2026 SEP 17 14:25:35,-42.3092,2068,4.5911,353.5708,35.7312,N/A,66.2979,101.8347,10,480,733,30,30,806,3,1,13,13,0,0,0,0,0,0,0,0,0,0,450,366,300,1004,1400002C000A01E002DD1E1E03260301000D000D0000000000000000000000000000000001C2016E012C03EC
1,1,52,0,234,39337,0,0,0,1,0,2026 SEP 17 18:09:15,2026 SEP 17 18:22:49,2026 SEP 17 18:09:25,2026 SEP 17 18:22:49,N/A,N/A,2026 SEP 17 18:16:45,2026 SEP 17 18:22:49,2026 SEP 17 18:17:15,-86.3006,23.9462,2026 SEP 17 18:22:19,-79.6937,132.6448,2026 SEP 17 18:21:26,-41.8465,2080,4.4947,353.6543,35.5419,N/A,65.9356,101.2842,10,480,731,30,30,804,3,1,13,13,0,0,0,0,0,0,0,0,0,0,450,364,300,998,1400002C000A01E002DB1E1E03240301000D000D0000000000000000000000000000000001C2016C012C03E6
1,1,53,0,235,39338,0,0,0,1,0,2026 SEP 17 20:07:07,2026 SEP 17 20:20:39,2026 SEP 17 20:07:17,2026 SEP 17 20:20:39,N/A,N/A,2026 SEP 17 20:14:37,2026 SEP 17 20:20:39,2026 SEP 17 20:15:07,-86.2799,-5.4893,2026 SEP 17 20:20:09,-80.0387,106.1153,2026 SEP 17 20:19:17,-41.6256,2086,4.6378,353.696,35.3526,N/A,65.5734,100.7337,10,480,730,30,30,802,3,1,13,13,0,0,0,0,0,0,0,0,0,0,450,362,300,993,1400002C000A01E002DA1E1E03220301000D000D0000000000000000000000000000000001C2016A012C03E1
1,1,54,0,240,39343,0,0,0,1,0,2026 SEP 18 05:56:40,2026 SEP 18 06:10:05,2026 SEP 18 05:56:50,2026 SEP 18 06:10:05,N/A,N/A,2026 SEP 18 06:04:10,2026 SEP 18 06:10:05,2026 SEP 18 06:04:40,-86.0115,-154.6516,2026 SEP 18 06:09:35,-80.9303,-40.2951,2026 SEP 18 06:08:44,-40.4179,2116,4.44,353.9045,34.6901,N/A,64.3054,98.807,10,480,724,30,30,795,3,1,13,13,0,0,0,0,0,0,0,0,0,0,450,355,300,973,1400002C000A01E002D41E1E031B0301000D000D0000000000000000000000000000000001C20163012C03CD
1,1,55,0,242,39345,0,0,0,1,0,2026 SEP 18 09:52:24,2026 SEP 18 10:05:47,2026 SEP 18 09:52:34,2026 SEP 18 10:05:47,N/A,N/A,2026 SEP 18 09:59:54,2026 SEP 18 10:05:47,2026 SEP 18 10:00:24,-85.9493,146.5576,2026 SEP 18 10:05:17,-81.2882,-97.1088,2026 SEP 18 10:04:26,-39.9684,2126,4.4764,353.9879,34.5008,N/A,63.9431,98.2566,10,480,722,30,30,793,3,1,13,13,0,0,0,0,0,0,0,0,0,0,450,353,300,967,1400002C000A01E002D21E1E03190301000D000D0000000000000000000000000000000001C20161012C03C7
1,1,56,0,243,39346,0,0,0,1,0,2026 SEP 18 11:50:18,2026 SEP 18 12:03:39,2026 SEP 18 11:50:28,2026 SEP 18 12:03:39,N/A,N/A,2026 SEP 18 11:57:48,2026 SEP 18 12:03:39,2026 SEP 18 11:58:18,-85.8986,116.9594,2026 SEP 18 12:03:09,-81.3866,-127.7489,2026 SEP 18 12:02:19,-39.7243,2132,4.3458,354.0296,34.3115,N/A,63.5808,97.7061,10,480,721,30,30,791,3,1,13,13,0,0,0,0,0,0,0,0,0,0,450,351,300,962,1400002C000A01E002D11E1E03170301000D000D0000000000000000000000000000000001C2015F012C03C2
1,1,57,0,245,39348,0,0,0,1,0,2026 SEP 18 15:46:10,2026 SEP 18 15:59:28,2026 SEP 18 15:46:20,2026 SEP 18 15:59:28,N/A,N/A,2026 SEP 18 15:53:40,2026 SEP 18 15:59:28,2026 SEP 18 15:54:10,-85.6996,56.8674,2026 SEP 18 15:58:58,-82.1016,177.4408,2026 SEP 18 15:58:09,-39.2242,2143,4.5175,354.1129,34.0276,N/A,63.0374,96.8804,10,480,719,30,30,788,3,1,13,13,0,0,0,0,0,0,0,0,0,0,450,348,300,954,1400002C000A01E002CF1E1E03140301000D000D0000000000000000000000000000000001C2015C012C03BA
1,1,58,0,247,39350,0,0,0,1,0,2026 SEP 18 19:42:00,2026 SEP 18 19:55:17,2026 SEP 18 19:42:10,2026 SEP 18 19:55:17,N/A,N/A,2026 SEP 18 19:49:30,2026 SEP 18 19:55:17,2026 SEP 18 19:50:00,-85.6647,-1.4397,2026 SEP 18 19:54:47,-82.0583,115.6453,2026 SEP 18 19:53:58,-38.7725,2154,4.2236,354.1962,33.933,N/A,62.8562,96.6051,10,480,718,30,30,787,3,1,13,13,0,0,0,0,0,0,0,0,0,0,450,347,300,951,1400002C000A01E002CE1E1E03130301000D000D0000000000000000000000000000000001C2015B012C03B7
1,1,59,0,248,39351,0,0,0,1,0,2026 SEP 18 21:39:50,2026 SEP 18 21:53:06,2026 SEP 18 21:40:00,2026 SEP 18 21:53:06,N/A,N/A,2026 SEP 18 21:47:20,2026 SEP 18 21:53:06,2026 SEP 18 21:47:50,-85.5965,-31.0195,2026 SEP 18 21:52:36,-82.079,84.443,2026 SEP 18 21:51:46,-38.5456,2158,4.055,354.2379,33.8383,N/A,62.6751,96.3299,10,480,716,30,30,786,3,1,13,13,0,0,0,0,0,0,0,0,0,0,450,346,300,947,1400002C000A01E002CC1E1E03120301000D000D0000000000000000000000000000000001C2015A012C03B3
1,1,60,0,251,39354,0,0,0,1,0,2026 SEP 19 03:33:38,2026 SEP 19 03:46:49,2026 SEP 19 03:33:48,2026 SEP 19 03:46:49,N/A,N/A,2026 SEP 19 03:41:08,2026 SEP 19 03:46:49,2026 SEP 19 03:41:38,-85.4442,-119.2147,2026 SEP 19 03:46:19,-82.8079,-0.53778,2026 SEP 19 03:45:31,-37.8116,2173,4.1281,354.3628,33.3651,N/A,61.7694,94.9537,10,480,713,30,30,781,3,1,13,13,0,0,0,0,0,0,0,0,0,0,450,341,300,934,1400002C000A01E002C91E1E030D0301000D000D0000000000000000000000000000000001C20155012C03A6
1,1,61,0,253,39356,0,0,0,1,0,2026 SEP 19 07:29:25,2026 SEP 19 07:42:35,2026 SEP 19 07:29:35,2026 SEP 19 07:42:35,N/A,N/A,2026 SEP 19 07:36:55,2026 SEP 19 07:42:35,2026 SEP 19 07:37:25,-85.3037,-178.1745,2026 SEP 19 07:42:05,-83.0295,-60.2016,2026 SEP 19 07:41:17,-37.339,2184,3.9756,354.446,33.2705,N/A,61.5882,94.6785,10,480,712,30,30,780,3,1,13,13,0,0,0,0,0,0,0,0,0,0,450,340,300,931,1400002C000A01E002C81E1E030C0301000D000D0000000000000000000000000000000001C20154012C03A3
1,1,62,0,255,39358,0,0,0,1,0,2026 SEP 19 11:25:11,2026 SEP 19 11:38:18,2026 SEP 19 11:25:21,2026 SEP 19 11:38:18,N/A,N/A,2026 SEP 19 11:32:41,2026 SEP 19 11:38:18,2026 SEP 19 11:33:11,-85.2687,123.7,2026 SEP 19 11:37:48,-83.2935,-118.3269,2026 SEP 19 11:37:00,-36.8799,2192,3.9247,354.5292,32.9865,N/A,61.0448,93.8528,10,480,709,30,30,777,3,1,13,13,0,0,0,0,0,0,0,0,0,0,450,337,300,922,1400002C000A01E002C51E1E03090301000D000D0000000000000000000000000000000001C20151012C039A
1,1,63,0,259,39362,0,0,0,1,0,2026 SEP 19 19:16:56,2026 SEP 19 19:29:58,2026 SEP 19 19:17:06,2026 SEP 19 19:29:58,N/A,N/A,2026 SEP 19 19:24:26,2026 SEP 19 19:29:58,2026 SEP 19 19:24:56,-85.0031,6.2384,2026 SEP 19 19:29:28,-84.2898,129.1675,2026 SEP 19 19:28:41,-35.9098,2211,4.0767,354.6957,32.5133,N/A,60.1391,92.4766,10,480,705,30,30,772,3,1,13,13,0,0,0,0,0,0,0,0,0,0,450,332,300,908,1400002C000A01E002C11E1E03040301000D000D0000000000000000000000000000000001C2014C012C038C
1,1,64,0,261,39364,0,0,0,1,0,2026 SEP 19 23:12:37,2026 SEP 19 23:25:39,2026 SEP 19 23:12:47,2026 SEP 19 23:25:39,N/A,N/A,2026 SEP 19 23:20:07,2026 SEP 19 23:25:39,2026 SEP 19 23:20:37,-84.8236,-52.5727,2026 SEP 19 23:25:09,-84.1043,63.1854,2026 SEP 19 23:24:22,-35.4506,2219,3.5014,354.7788,32.5133,N/A,60.1391,92.4766,10,480,705,30,30,772,3,1,13,13,0,0,0,0,0,0,0,0,0,0,450,332,300,908,1400002C000A01E002C11E1E03040301000D000D0000000000000000000000000000000001C2014C012C038C
1,1,65,0,263,39366,0,0,0,1,0,2026 SEP 20 03:08:32,2026 SEP 20 03:21:30,2026 SEP 20 03:08:42,2026 SEP 20 03:21:30,N/A,N/A,2026 SEP 20 03:16:02,2026 SEP 20 03:21:30,2026 SEP 20 03:16:32,-84.7538,-110.7821,2026 SEP 20 03:21:00,-84.7434,8.8346,2026 SEP 20 03:20:14,-34.9592,2227,3.7044,354.8619,32.1348,N/A,59.4145,91.3756,10,480,702,30,30,768,3,1,13,13,0,0,0,0,0,0,0,0,0,0,450,328,300,897,1400002C000A01E002BE1E1E03000301000D000D0000000000000000000000000000000001C20148012C0381
1,1,66,0,264,39367,0,0,0,1,0,2026 SEP 20 05:06:27,2026 SEP 20 05:19:25,2026 SEP 20 05:06:37,2026 SEP 20 05:19:25,N/A,N/A,2026 SEP 20 05:13:57,2026 SEP 20 05:19:25,2026 SEP 20 05:14:27,-84.6673,-140.1198,2026 SEP 20 05:18:55,-84.7474,-22.7732,2026 SEP 20 05:18:09,-34.713,2232,3.5103,354.9035,32.1348,N/A,59.4145,91.3756,10,480,702,30,30,768,3,1,13,13,0,0,0,0,0,0,0,0,0,0,450,328,300,897,1400002C000A01E002BE1E1E03000301000D000D0000000000000000000000000000000001C20148012C0381
1,1,67,0,266,39369,0,0,0,1,0,2026 SEP 20 09:02:12,2026 SEP 20 09:15:09,2026 SEP 20 09:02:22,2026 SEP 20 09:15:09,N/A,N/A,2026 SEP 20 09:09:42,2026 SEP 20 09:15:09,2026 SEP 20 09:10:12,-84.5403,161.4999,2026 SEP 20 09:14:39,-85.2655,-77.7571,2026 SEP 20 09:13:54,-34.2502,2241,3.6692,354.9866,32.0401,N/A,59.2334,91.1004,10,480,702,30,30,767,3,1,13,13,0,0,0,0,0,0,0,0,0,0,450,327,300,1150,1400002C000A01E002BE1E1E02FF0301000D000D0000000000000000000000000000000001C20147012C047E
1,1,68,0,268,39371,0,0,0,1,0,2026 SEP 20 12:57:59,2026 SEP 20 13:10:53,2026 SEP 20 12:58:09,2026 SEP 20 13:10:53,N/A,N/A,2026 SEP 20 13:05:29,2026 SEP 20 13:10:53,2026 SEP 20 13:05:59,-84.4609,103.3677,2026 SEP 20 13:10:23,-85.4592,-138.2457,2026 SEP 20 13:09:38,-33.7775,2248,3.4611,355.0697,31.7562,N/A,58.69,90.2747,10,480,699,30,30,764,3,1,13,13,0,0,0,0,0,0,0,0,0,0,450,324,300,1141,1400002C000A01E002BB1E1E02FC0301000D000D0000000000000000000000000000000001C20144012C0475
1,1,69,0,269,39372,0,0,0,1,0,2026 SEP 20 14:55:54,2026 SEP 20 15:08:48,2026 SEP 20 14:56:04,2026 SEP 20 15:08:48,N/A,N/A,2026 SEP 20 15:03:24,2026 SEP 20 15:08:48,2026 SEP 20 15:03:54,-84.3143,73.8657,2026 SEP 20 15:08:18,-85.3417,-172.8479,2026 SEP 20 15:07:33,-33.523,2253,3.0672,355.1112,31.7562,N/A,58.69,90.2747,10,480,699,30,30,764,3,1,13,13,0,0,0,0,0,0,0,0,0,0,450,324,300,1141,1400002C000A01E002BB1E1E02FC0301000D000D0000000000000000000000000000000001C20144012C0475
1,1,70,0,271,39374,0,0,0,1,0,2026 SEP 20 18:51:49,2026 SEP 20 19:04:40,2026 SEP 20 18:51:59,2026 SEP 20 19:04:40,N/A,N/A,2026 SEP 20 18:59:19,2026 SEP 20 19:04:40,2026 SEP 20 18:59:49,-84.2594,15.8538,2026 SEP 20 19:04:10,-86.1477,136.6354,2026 SEP 20 19:03:26,-33.0481,2260,3.5261,355.1943,31.4723,N/A,58.1465,89.449,10,480,697,30,30,761,3,1,13,13,0,0,0,0,0,0,0,0,0,0,450,321,300,1133,1400002C000A01E002B91E1E02F90301000D000D0000000000000000000000000000000001C20141012C046D
1,1,71,0,273,39376,0,0,0,1,0,2026 SEP 20 22:47:31,2026 SEP 20 23:00:22,2026 SEP 20 22:47:41,2026 SEP 20 23:00:22,N/A,N/A,2026 SEP 20 22:55:01,2026 SEP 20 23:00:22,2026 SEP 20 22:55:31,-84.1281,-42.371,2026 SEP 20 22:59:52,-85.8518,69.124,2026 SEP 20 22:59:07,-32.5967,2267,2.8492,355.2773,31.4723,N/A,58.1465,89.449,10,480,696,30,30,761,3,1,13,13,0,0,0,0,0,0,0,0,0,0,450,321,300,1132,1400002C000A01E002B81E1E02F90301000D000D0000000000000000000000000000000001C20141012C046C
1,1,72,0,276,39379,0,0,0,1,0,2026 SEP 21 04:41:21,2026 SEP 21 04:54:08,2026 SEP 21 04:41:31,2026 SEP 21 04:54:08,N/A,N/A,2026 SEP 21 04:48:51,2026 SEP 21 04:54:08,2026 SEP 21 04:49:21,-83.9763,-129.5501,2026 SEP 21 04:53:38,-86.0083,-23.734,2026 SEP 21 04:52:54,-31.8625,2279,2.3981,355.4018,31.0937,N/A,57.422,88.348,10,480,693,30,30,757,3,1,13,13,0,0,0,0,0,0,0,0,0,0,450,317,300,1121,1400002C000A01E002B51E1E02F50301000D000D0000000000000000000000000000000001C2013D012C0461
1,1,73,0,278,39381,0,0,0,1,0,2026 SEP 21 08:37:07,2026 SEP 21 08:49:54,2026 SEP 21 08:37:17,2026 SEP 21 08:49:54,N/A,N/A,2026 SEP 21 08:44:37,2026 SEP 21 08:49:54,2026 SEP 21 08:45:07,-83.8202,172.2225,2026 SEP 21 08:49:24,-86.3865,-82.3591,2026 SEP 21 08:48:40,-31.3904,2286,2.3147,355.4848,31.0937,N/A,57.422,88.348,10,480,693,30,30,757,3,1,13,13,0,0,0,0,0,0,0,0,0,0,450,317,300,1121,1400002C000A01E002B51E1E02F50301000D000D0000000000000000000000000000000001C2013D012C0461
1,1,74,0,280,39383,0,0,0,1,0,2026 SEP 21 12:32:53,2026 SEP 21 12:45:38,2026 SEP 21 12:33:03,2026 SEP 21 12:45:38,N/A,N/A,2026 SEP 21 12:40:23,2026 SEP 21 12:45:38,2026 SEP 21 12:40:53,-83.7568,114.3113,2026 SEP 21 12:45:08,-86.3534,-144.5957,2026 SEP 21 12:44:24,-30.9286,2292,1.9903,355.5677,30.9044,N/A,57.0597,87.7975,10,480,691,30,30,755,3,1,13,13,0,0,0,0,0,0,0,0,0,0,450,315,300,1115,1400002C000A01E002B31E1E02F30301000D000D0000000000000000000000000000000001C2013B012C045B
1,1,75,0,283,39386,0,0,0,1,0,2026 SEP 21 18:26:44,2026 SEP 21 18:39:26,2026 SEP 21 18:26:54,2026 SEP 21 18:39:26,N/A,N/A,2026 SEP 21 18:34:14,2026 SEP 21 18:39:26,2026 SEP 21 18:34:44,-83.521,27.0365,2026 SEP 21 18:38:56,-86.4143,120.6615,2026 SEP 21 18:38:13,-30.187,2302,1.4139,355.6921,30.6205,N/A,56.5163,86.9718,10,480,689,30,30,752,3,1,13,13,0,0,0,0,0,0,0,0,0,0,450,312,300,1107,1400002C000A01E002B11E1E02F00301000D000D0000000000000000000000000000000001C20138012C0453
1,1,76,0,284,39387,0,0,0,1,0,2026 SEP 21 20:24:39,2026 SEP 21 20:37:20,2026 SEP 21 20:24:49,2026 SEP 21 20:37:20,N/A,N/A,2026 SEP 21 20:32:09,2026 SEP 21 20:37:20,2026 SEP 21 20:32:39,-83.5126,-1.845,2026 SEP 21 20:36:50,-86.9104,93.6246,2026 SEP 21 20:36:07,-29.9607,2305,1.5242,355.7336,30.5258,N/A,56.3351,86.6966,10,480,688,30,30,751,3,1,13,13,0,0,0,0,0,0,0,0,0,0,450,311,300,1104,1400002C000A01E002B01E1E02EF0301000D000D0000000000000000000000000000000001C20137012C0450
1,1,77,0,286,39389,0,0,0,1,0,2026 SEP 22 00:20:20,2026 SEP 22 00:33:01,2026 SEP 22 00:20:30,2026 SEP 22 00:33:01,N/A,N/A,2026 SEP 22 00:27:50,2026 SEP 22 00:33:01,2026 SEP 22 00:28:20,-83.326,-59.991,2026 SEP 22 00:32:31,-86.8092,29.6258,2026 SEP 22 00:31:48,-29.4988,2312,1.0814,355.8164,30.5258,N/A,56.3351,86.6966,10,480,688,30,30,751,3,1,13,13,0,0,0,0,0,0,0,0,0,0,450,311,300,1104,1400002C000A01E002B01E1E02EF0301000D000D0000000000000000000000000000000001C20137012C0450
1,1,78,0,289,39392,0,0,0,1,0,2026 SEP 22 06:14:11,2026 SEP 22 06:26:48,2026 SEP 22 06:14:21,2026 SEP 22 06:26:48,N/A,N/A,2026 SEP 22 06:21:41,2026 SEP 22 06:26:48,2026 SEP 22 06:22:11,-83.1776,-146.9162,2026 SEP 22 06:26:18,-87.5231,-62.3999,2026 SEP 22 06:25:36,-28.7608,2321,0.68611,355.9407,30.1473,N/A,55.6106,85.5956,10,480,685,30,30,747,3,1,13,13,0,0,0,0,0,0,0,0,0,0,450,307,300,1093,1400002C000A01E002AD1E1E02EB0301000D000D0000000000000000000000000000000001C20133012C0445
1,1,79,0,291,39394,0,0,0,1,0,2026 SEP 22 10:09:55,2026 SEP 22 10:22:33,2026 SEP 22 10:10:05,2026 SEP 22 10:22:33,N/A,N/A,2026 SEP 22 10:17:25,2026 SEP 22 10:22:33,2026 SEP 22 10:17:55,-83.0474,155.1296,2026 SEP 22 10:22:03,-87.1075,-125.6765,2026 SEP 22 10:21:21,-28.2973,2328,0.29222,356.0235,30.2419,N/A,55.7917,85.8709,10,480,686,30,30,748,3,1,13,13,0,0,0,0,0,0,0,0,0,0,450,308,300,1096,1400002C000A01E002AE1E1E02EC0301000D000D0000000000000000000000000000000001C20134012C0448
1,1,80,0,294,39397,0,0,0,1,0,2026 SEP 22 16:03:39,2026 SEP 22 16:16:14,2026 SEP 22 16:03:49,2026 SEP 22 16:16:14,N/A,N/A,2026 SEP 22 16:11:09,2026 SEP 22 16:16:14,2026 SEP 22 16:11:39,-82.8249,68.1564,2026 SEP 22 16:15:44,-86.7645,139.1734,2026 SEP 22 16:15:02,-27.5672,2336,23.6872,356.1477,29.958,N/A,55.2483,85.0451,10,480,683,30,30,745,3,1,13,13,0,0,0,0,0,0,0,0,0,0,450,305,300,1087,1400002C000A01E002AB1E1E02E90301000D000D0000000000000000000000000000000001C20131012C043F
1,1,81,0,296,39399,0,0,0,1,0,2026 SEP 22 19:59:33,2026 SEP 22 20:12:07,2026 SEP 22 19:59:43,2026 SEP 22 20:12:07,N/A,N/A,2026 SEP 22 20:07:03,2026 SEP 22 20:12:07,2026 SEP 22 20:07:33,-82.7528,10.3248,2026 SEP 22 20:11:37,-86.7772,77.8622,2026 SEP 22 20:10:55,-27.0925,2341,23.4267,356.2306,29.8633,N/A,55.0671,84.7699,10,480,682,30,30,744,3,1,13,13,0,0,0,0,0,0,0,0,0,0,450,304,300,1084,1400002C000A01E002AA1E1E02E80301000D000D0000000000000000000000000000000001C20130012C043C
1,1,82,0,298,39401,0,0,0,1,0,2026 SEP 22 23:55:16,2026 SEP 23 00:07:49,2026 SEP 22 23:55:26,2026 SEP 23 00:07:49,N/A,N/A,2026 SEP 23 00:02:46,2026 SEP 23 00:07:49,2026 SEP 23 00:03:16,-82.6406,-47.5227,2026 SEP 23 00:07:19,-86.8192,15.7645,2026 SEP 23 00:06:37,-26.6383,2347,23.1108,356.3133,29.7687,N/A,54.886,84.4947,10,480,681,30,30,743,3,1,13,13,0,0,0,0,0,0,0,0,0,0,450,303,300,1081,1400002C000A01E002A91E1E02E70301000D000D0000000000000000000000000000000001C2012F012C0439
1,1,83,0,300,39403,0,0,0,1,0,2026 SEP 23 03:51:10,2026 SEP 23 04:03:40,2026 SEP 23 03:51:20,2026 SEP 23 04:03:40,N/A,N/A,2026 SEP 23 03:58:40,2026 SEP 23 04:03:40,2026 SEP 23 03:59:10,-82.5279,-105.4002,2026 SEP 23 04:03:10,-87.1078,-49.4556,2026 SEP 23 04:02:29,-26.1526,2352,22.5892,356.396,29.4848,N/A,54.3426,83.669,10,480,679,30,30,740,3,1,13,13,0,0,0,0,0,0,0,0,0,0,450,300,300,1073,1400002C000A01E002A71E1E02E40301000D000D0000000000000000000000000000000001C2012C012C0431
1,1,84,0,302,39405,0,0,0,1,0,2026 SEP 23 07:47:00,2026 SEP 23 07:59:30,2026 SEP 23 07:47:10,2026 SEP 23 07:59:30,N/A,N/A,2026 SEP 23 07:54:30,2026 SEP 23 07:59:30,2026 SEP 23 07:55:00,-82.3813,-163.2988,2026 SEP 23 07:59:00,-87.1573,-113.1728,2026 SEP 23 07:58:19,-25.6616,2358,22.1675,356.4787,29.4848,N/A,54.3426,83.669,10,480,679,30,30,740,3,1,13,13,0,0,0,0,0,0,0,0,0,0,450,300,300,1073,1400002C000A01E002A71E1E02E40301000D000D0000000000000000000000000000000001C2012C012C0431
1,1,85,0,304,39407,0,0,0,1,0,2026 SEP 23 11:42:45,2026 SEP 23 11:55:14,2026 SEP 23 11:42:55,2026 SEP 23 11:55:14,N/A,N/A,2026 SEP 23 11:50:15,2026 SEP 23 11:55:14,2026 SEP 23 11:50:45,-82.3187,138.9654,2026 SEP 23 11:54:44,-87.1606,-175.1926,2026 SEP 23 11:54:03,-25.2062,2362,21.8572,356.5614,29.3901,N/A,54.1614,83.3937,10,480,678,30,30,739,3,1,13,13,0,0,0,0,0,0,0,0,0,0,450,299,300,1070,1400002C000A01E002A61E1E02E30301000D000D0000000000000000000000000000000001C2012B012C042E
1,1,86,0,307,39410,0,0,0,1,0,2026 SEP 23 17:36:32,2026 SEP 23 17:48:59,2026 SEP 23 17:36:42,2026 SEP 23 17:48:59,N/A,N/A,2026 SEP 23 17:44:02,2026 SEP 23 17:48:59,2026 SEP 23 17:44:32,-82.0299,52.0718,2026 SEP 23 17:48:29,-86.6487,93.64,2026 SEP 23 17:47:49,-24.4658,2370,21.5186,356.6854,29.2009,N/A,53.7991,82.8432,10,480,677,30,30,737,3,1,13,13,0,0,0,0,0,0,0,0,0,0,450,297,300,1065,1400002C000A01E002A51E1E02E10301000D000D0000000000000000000000000000000001C20129012C0429
1,1,87,0,309,39412,0,0,0,1,0,2026 SEP 23 21:32:24,2026 SEP 23 21:44:50,2026 SEP 23 21:32:34,2026 SEP 23 21:44:50,N/A,N/A,2026 SEP 23 21:39:54,2026 SEP 23 21:44:50,2026 SEP 23 21:40:24,-81.998,-5.627,2026 SEP 23 21:44:20,-87.118,23.8186,2026 SEP 23 21:43:40,-24.0025,2374,20.6903,356.7681,29.1062,N/A,53.618,82.568,10,480,676,30,30,736,3,1,13,13,0,0,0,0,0,0,0,0,0,0,450,296,300,1062,1400002C000A01E002A41E1E02E00301000D000D0000000000000000000000000000000001C20128012C0426
1,1,88,0,311,39414,0,0,0,1,0,2026 SEP 24 01:28:06,2026 SEP 24 01:40:32,2026 SEP 24 01:28:16,2026 SEP 24 01:40:32,N/A,N/A,2026 SEP 24 01:35:36,2026 SEP 24 01:40:32,2026 SEP 24 01:36:06,-81.8253,-63.4525,2026 SEP 24 01:40:02,-86.3725,-27.0129,2026 SEP 24 01:39:22,-23.54,2379,21.1256,356.8506,29.1062,N/A,53.618,82.568,10,480,676,30,30,736,3,1,13,13,0,0,0,0,0,0,0,0,0,0,450,296,300,1062,1400002C000A01E002A41E1E02E00301000D000D0000000000000000000000000000000001C20128012C0426
1,1,89,0,314,39417,0,0,0,1,0,2026 SEP 24 07:21:57,2026 SEP 24 07:34:20,2026 SEP 24 07:22:07,2026 SEP 24 07:34:20,N/A,N/A,2026 SEP 24 07:29:27,2026 SEP 24 07:34:20,2026 SEP 24 07:29:57,-81.6574,-150.1283,2026 SEP 24 07:33:50,-86.6409,-129.4429,2026 SEP 24 07:33:11,-22.8015,2386,20.0367,356.9746,28.8223,N/A,53.0746,81.7423,10,480,674,30,30,733,3,1,13,13,0,0,0,0,0,0,0,0,0,0,450,293,300,1054,1400002C000A01E002A21E1E02DD0301000D000D0000000000000000000000000000000001C20125012C041E
1,1,90,0,315,39418,0,0,0,1,0,2026 SEP 24 09:19:50,2026 SEP 24 09:32:14,2026 SEP 24 09:20:00,2026 SEP 24 09:32:14,N/A,N/A,2026 SEP 24 09:27:20,2026 SEP 24 09:32:14,2026 SEP 24 09:27:50,-81.6031,-178.997,2026 SEP 24 09:31:44,-85.8947,-145.2061,2026 SEP 24 09:31:04,-22.5651,2389,20.8986,357.0158,28.9169,N/A,53.2557,82.0175,10,480,674,30,30,734,3,1,13,13,0,0,0,0,0,0,0,0,0,0,450,294,300,1056,1400002C000A01E002A21E1E02DE0301000D000D0000000000000000000000000000000001C20126012C0420
1,1,91,0,318,39421,0,0,0,1,0,2026 SEP 24 15:13:30,2026 SEP 24 15:25:52,2026 SEP 24 15:13:40,2026 SEP 24 15:25:52,N/A,N/A,2026 SEP 24 15:21:00,2026 SEP 24 15:25:52,2026 SEP 24 15:21:30,-81.4202,94.3879,2026 SEP 24 15:25:22,-85.8313,121.1966,2026 SEP 24 15:24:43,-21.8566,2395,20.3961,357.1396,28.7276,N/A,52.8934,81.4671,10,480,673,30,30,732,3,1,13,13,0,0,0,0,0,0,0,0,0,0,450,292,300,1051,1400002C000A01E002A11E1E02DC0301000D000D0000000000000000000000000000000001C20124012C041B
1,1,92,0,320,39423,0,0,0,1,0,2026 SEP 24 19:09:25,2026 SEP 24 19:21:46,2026 SEP 24 19:09:35,2026 SEP 24 19:21:46,N/A,N/A,2026 SEP 24 19:16:55,2026 SEP 24 19:21:46,2026 SEP 24 19:17:25,-81.2621,36.5907,2026 SEP 24 19:21:16,-85.6326,60.659,2026 SEP 24 19:20:37,-21.3638,2399,20.1875,357.2222,28.633,N/A,52.7123,81.1918,10,480,672,30,30,731,3,1,13,13,0,0,0,0,0,0,0,0,0,0,450,291,300,1048,1400002C000A01E002A01E1E02DB0301000D000D0000000000000000000000000000000001C20123012C0418
1,1,93,0,324,39427,0,0,0,1,0,2026 SEP 25 03:01:01,2026 SEP 25 03:13:20,2026 SEP 25 03:01:11,2026 SEP 25 03:13:20,N/A,N/A,2026 SEP 25 03:08:31,2026 SEP 25 03:13:20,2026 SEP 25 03:09:01,-81.0629,-78.8103,2026 SEP 25 03:12:50,-85.2227,-56.7123,2026 SEP 25 03:12:11,-20.4352,2406,20.0133,357.3871,28.4437,N/A,52.35,80.6413,10,480,670,30,30,729,3,1,13,13,0,0,0,0,0,0,0,0,0,0,450,289,300,1042,1400002C000A01E0029E1E1E02D90301000D000D0000000000000000000000000000000001C20121012C0412
1,1,94,0,326,39429,0,0,0,1,0,2026 SEP 25 06:56:56,2026 SEP 25 07:09:14,2026 SEP 25 06:57:06,2026 SEP 25 07:09:14,N/A,N/A,2026 SEP 25 07:04:26,2026 SEP 25 07:09:14,2026 SEP 25 07:04:56,-80.9501,-136.5386,2026 SEP 25 07:08:44,-84.8591,-112.662,2026 SEP 25 07:08:05,-19.939,2410,20.1106,357.4696,28.3491,N/A,52.1689,80.3661,10,480,669,30,30,728,3,1,13,13,0,0,0,0,0,0,0,0,0,0,450,288,300,1039,1400002C000A01E0029D1E1E02D80301000D000D0000000000000000000000000000000001C20120012C040F
1,1,95,0,328,39431,0,0,0,1,0,2026 SEP 25 10:52:42,2026 SEP 25 11:05:00,2026 SEP 25 10:52:52,2026 SEP 25 11:05:00,N/A,N/A,2026 SEP 25 11:00:12,2026 SEP 25 11:05:00,2026 SEP 25 11:00:42,-80.8433,165.7822,2026 SEP 25 11:04:30,-84.9898,-178.1934,2026 SEP 25 11:03:51,-19.4676,2414,19.5669,357.552,28.3491,N/A,52.1689,80.3661,10,480,669,30,30,728,3,1,13,13,0,0,0,0,0,0,0,0,0,0,450,288,300,1039,1400002C000A01E0029D1E1E02D80301000D000D0000000000000000000000000000000001C20120012C040F
1,1,96,0,334,39437,0,0,0,1,0,2026 SEP 25 22:40:14,2026 SEP 25 22:52:30,2026 SEP 25 22:40:24,2026 SEP 25 22:52:30,N/A,N/A,2026 SEP 25 22:47:44,2026 SEP 25 22:52:30,2026 SEP 25 22:48:14,-80.5101,-7.2776,2026 SEP 25 22:52:00,-84.1387,11.5283,2026 SEP 25 22:51:21,-18.0384,2423,19.6936,357.7992,28.1598,N/A,51.8066,79.8156,10,480,667,30,30,726,3,1,13,13,0,0,0,0,0,0,0,0,0,0,450,286,300,1033,1400002C000A01E0029B1E1E02D60301000D000D0000000000000000000000000000000001C2011E012C0409
1,1,97,0,337,39440,0,0,0,1,0,2026 SEP 26 04:33:55,2026 SEP 26 04:46:10,2026 SEP 26 04:34:05,2026 SEP 26 04:46:10,N/A,N/A,2026 SEP 26 04:41:25,2026 SEP 26 04:46:10,2026 SEP 26 04:41:55,-80.2686,-93.8051,2026 SEP 26 04:45:40,-83.7431,-75.9549,2026 SEP 26 04:45:01,-17.3329,2428,19.5992,357.9227,28.0651,N/A,51.6254,79.5404,10,480,666,30,30,725,3,1,13,13,0,0,0,0,0,0,0,0,0,0,450,285,300,1030,1400002C000A01E0029A1E1E02D50301000D000D0000000000000000000000000000000001C2011D012C0406
1,1,98,0,339,39442,0,0,0,1,0,2026 SEP 26 08:29:48,2026 SEP 26 08:42:02,2026 SEP 26 08:29:58,2026 SEP 26 08:42:02,N/A,N/A,2026 SEP 26 08:37:18,2026 SEP 26 08:42:02,2026 SEP 26 08:37:48,-80.153,-151.4772,2026 SEP 26 08:41:32,-83.695,-138.41,2026 SEP 26 08:40:54,-16.837,2433,19.2622,358.005,27.9705,N/A,51.4443,79.2652,10,480,666,30,30,724,3,1,13,13,0,0,0,0,0,0,0,0,0,0,450,284,300,1028,1400002C000A01E0029A1E1E02D40301000D000D0000000000000000000000000000000001C2011C012C0404
