Orbit 80/40 or 60/60 or OFF (1-11 = 80/40; 101-111 = 60/60; 12 = switch off),Orbit type,Ingress solar occultation observation number,Merged Occultation (YES = 1; NO = 0),Thermal orbit/nightside number,ESA orbit number,LNO+UVIS operating (YES = 1; NO = 0),UVIS alone operating (YES = 1; NO = 0),LNO alone operating (YES = 1; NO = 0),SO+UVIS operating (YES = 1; NO = 0),SO alone operating (YES = 1; NO = 0),TC20 execution start time (UTC),TC20 execution end time (UTC),SO start time (UTC),SO end time (UTC),LNO start time (UTC),LNO end time (UTC),UVIS start time (UTC),UVIS end time (UTC),Limb Height 250 km (UTC),Latitude probed @ limb height 250 km (deg),Longitude probed @ limb height 250 km (deg),Limb Height 0 km (UTC),Latitude probed @ limb height 0 km (deg),Longitude probed @ limb height 0 km (deg),Limb Height 50 km: switch SCI1 to SCI2 (UTC),Beta angle (deg),Eclipse duration (Umbra end - Umbra start) (s),Local Solar Time (LST): TGO2SUN vector surface intercept point @ limb height 0 km (h),Solar longitude Ls (deg),SO+SINBAD data volume (Mbit),LNO+SINBAD data volume (Mbit),UVIS+SINBAD data volume (Mbit),Channel(s)+SINBAD data volume (Mbit),TC20 SO_START_TIME,TC20 SO_START_SCIENCE_1,TC20 SO_START_SCIENCE_2,TC20 SO_DURATION_REFERENCE_1,TC20 SO_DURATION_REFERENCE_2,TC20 SO_DURATION_TIME,TC20 SO_COP_GENERAL,TC20 SO_COP_PRECOOLING,TC20 SO_COP_SCIENCE_1,TC20 SO_COP_SCIENCE_2,TC20 LNO_START_TIME,TC20 LNO_START_SCIENCE_1,TC20 LNO_START_SCIENCE_2,TC20 LNO_DURATION_REFERENCE_1,TC20 LNO_DURATION_REFERENCE_2,TC20 LNO_DURATION_TIME,TC20 LNO_COP_GENERAL,TC20 LNO_COP_PRECOOLING,TC20 LNO_COP_SCIENCE_1,TC20 LNO_COP_SCIENCE_2,TC20 UVIS_START_TIME,TC20 UVIS_DURATION_TIME,TC20 UVIS_COP_ROW,TC20 CHECKSUM,TC20 (HEX)
1,1,1,0,2,38763,0,0,0,1,0,2026 AUG 01 17:09:24,2026 AUG 01 17:21:09,2026 AUG 01 17:09:34,2026 AUG 01 17:21:09,N/A,N/A,2026 AUG 01 17:16:54,2026 AUG 01 17:21:09,2026 AUG 01 17:17:24,70.643,-140.9186,2026 AUG 01 17:20:39,71.3598,-139.2989,2026 AUG 01 17:20:05,0.046021,2488,15.4408,328.6902,25.2259,N/A,46.1912,71.2833,10,480,641,30,30,695,3,1,13,13,0,0,0,0,0,0,0,0,0,0,450,255,300,1200,1400002C000A01E002811E1E02B70301000D000D0000000000000000000000000000000001C200FF012C04B0
1,1,2,0,4,38765,0,0,0,1,0,2026 AUG 01 21:05:18,2026 AUG 01 21:17:03,2026 AUG 01 21:05:28,2026 AUG 01 21:17:03,N/A,N/A,2026 AUG 01 21:12:48,2026 AUG 01 21:17:03,2026 AUG 01 21:13:18,70.6738,161.7349,2026 AUG 01 21:16:33,71.3529,163.6569,2026 AUG 01 21:15:59,-0.39666,2488,15.4642,328.7807,25.2259,N/A,46.1912,71.2833,10,480,641,30,30,695,3,1,13,13,0,0,0,0,0,0,0,0,0,0,450,255,300,1200,1400002C000A01E002811E1E02B70301000D000D0000000000000000000000000000000001C200FF012C04B0
1,1,3,0,6,38767,0,0,0,1,0,2026 AUG 02 01:01:06,2026 AUG 02 01:12:51,2026 AUG 02 01:01:16,2026 AUG 02 01:12:51,N/A,N/A,2026 AUG 02 01:08:36,2026 AUG 02 01:12:51,2026 AUG 02 01:09:06,70.7084,104.4022,2026 AUG 02 01:12:21,71.5622,107.4536,2026 AUG 02 01:11:46,-0.84102,2488,15.5422,328.8711,25.2259,N/A,46.1912,71.2833,10,480,640,30,30,695,3,1,13,13,0,0,0,0,0,0,0,0,0,0,450,255,300,1199,1400002C000A01E002801E1E02B70301000D000D0000000000000000000000000000000001C200FF012C04AF
1,1,4,0,14,38775,0,0,0,1,0,2026 AUG 02 16:44:34,2026 AUG 02 16:56:19,2026 AUG 02 16:44:44,2026 AUG 02 16:56:19,N/A,N/A,2026 AUG 02 16:52:04,2026 AUG 02 16:56:19,2026 AUG 02 16:52:34,70.5918,-124.3005,2026 AUG 02 16:55:49,71.0797,-120.718,2026 AUG 02 16:55:15,-2.7154,2486,15.6344,329.2327,25.2259,N/A,46.1912,71.2833,10,480,641,30,30,695,3,1,13,13,0,0,0,0,0,0,0,0,0,0,450,255,300,1200,1400002C000A01E002811E1E02B70301000D000D0000000000000000000000000000000001C200FF012C04B0
1,1,5,0,16,38777,0,0,0,1,0,2026 AUG 02 20:40:29,2026 AUG 02 20:52:14,2026 AUG 02 20:40:39,2026 AUG 02 20:52:14,N/A,N/A,2026 AUG 02 20:47:59,2026 AUG 02 20:52:14,2026 AUG 02 20:48:29,70.592,178.4309,2026 AUG 02 20:51:44,70.6159,-179.3368,2026 AUG 02 20:51:10,-3.1704,2486,15.5533,329.3231,25.2259,N/A,46.1912,71.2833,10,480,641,30,30,695,3,1,13,13,0,0,0,0,0,0,0,0,0,0,450,255,300,1200,1400002C000A01E002811E1E02B70301000D000D0000000000000000000000000000000001C200FF012C04B0
1,1,6,0,18,38779,0,0,0,1,0,2026 AUG 03 00:36:17,2026 AUG 03 00:48:03,2026 AUG 03 00:36:27,2026 AUG 03 00:48:03,N/A,N/A,2026 AUG 03 00:43:47,2026 AUG 03 00:48:03,2026 AUG 03 00:44:17,70.6382,121.0681,2026 AUG 03 00:47:33,71.0602,125.3515,2026 AUG 03 00:46:58,-3.6127,2486,15.6908,329.4134,25.3205,N/A,46.3723,71.5585,10,480,641,30,30,696,3,1,13,13,0,0,0,0,0,0,0,0,0,0,450,256,300,947,1400002C000A01E002811E1E02B80301000D000D0000000000000000000000000000000001C20100012C03B3
1,1,7,0,20,38781,0,0,0,1,0,2026 AUG 03 04:32:08,2026 AUG 03 04:43:54,2026 AUG 03 04:32:18,2026 AUG 03 04:43:54,N/A,N/A,2026 AUG 03 04:39:38,2026 AUG 03 04:43:54,2026 AUG 03 04:40:08,70.5466,64.0568,2026 AUG 03 04:43:24,70.6989,67.7464,2026 AUG 03 04:42:50,-4.0906,2485,15.6764,329.5037,25.3205,N/A,46.3723,71.5585,10,480,642,30,30,696,3,1,13,13,0,0,0,0,0,0,0,0,0,0,450,256,300,948,1400002C000A01E002821E1E02B80301000D000D0000000000000000000000000000000001C20100012C03B4
1,1,8,0,28,38789,0,0,0,1,0,2026 AUG 03 20:15:41,2026 AUG 03 20:27:27,2026 AUG 03 20:15:51,2026 AUG 03 20:27:27,N/A,N/A,2026 AUG 03 20:23:11,2026 AUG 03 20:27:27,2026 AUG 03 20:23:41,70.4628,-164.7812,2026 AUG 03 20:26:57,70.0103,-161.6013,2026 AUG 03 20:26:23,-5.9473,2481,15.6917,329.8646,25.3205,N/A,46.3723,71.5585,10,480,642,30,30,696,3,1,13,13,0,0,0,0,0,0,0,0,0,0,450,256,300,948,1400002C000A01E002821E1E02B80301000D000D0000000000000000000000000000000001C20100012C03B4
1,1,9,0,30,38791,0,0,0,1,0,2026 AUG 04 00:11:30,2026 AUG 04 00:23:17,2026 AUG 04 00:11:40,2026 AUG 04 00:23:17,N/A,N/A,2026 AUG 04 00:19:00,2026 AUG 04 00:23:17,2026 AUG 04 00:19:30,70.5134,137.8432,2026 AUG 04 00:22:47,70.3698,142.7862,2026 AUG 04 00:22:12,-6.3884,2480,15.8094,329.9548,25.4152,N/A,46.5535,71.8337,10,480,642,30,30,697,3,1,13,13,0,0,0,0,0,0,0,0,0,0,450,257,300,950,1400002C000A01E002821E1E02B90301000D000D0000000000000000000000000000000001C20101012C03B6
1,1,10,0,32,38793,0,0,0,1,0,2026 AUG 04 04:07:20,2026 AUG 04 04:19:07,2026 AUG 04 04:07:30,2026 AUG 04 04:19:07,N/A,N/A,2026 AUG 04 04:14:50,2026 AUG 04 04:19:07,2026 AUG 04 04:15:20,70.43,80.8019,2026 AUG 04 04:18:37,70.2264,86.0014,2026 AUG 04 04:18:02,-6.8593,2479,15.8492,330.0449,25.4152,N/A,46.5535,71.8337,10,480,642,30,30,697,3,1,13,13,0,0,0,0,0,0,0,0,0,0,450,257,300,950,1400002C000A01E002821E1E02B90301000D000D0000000000000000000000000000000001C20101012C03B6
1,1,11,0,40,38801,0,0,0,1,0,2026 AUG 04 19:50:53,2026 AUG 04 20:02:41,2026 AUG 04 19:51:03,2026 AUG 04 20:02:41,N/A,N/A,2026 AUG 04 19:58:23,2026 AUG 04 20:02:41,2026 AUG 04 19:58:53,70.2786,-147.8937,2026 AUG 04 20:02:11,69.8299,-141.6521,2026 AUG 04 20:01:36,-8.7356,2473,15.9778,330.4052,25.5098,N/A,46.7346,72.109,10,480,643,30,30,698,3,1,13,13,0,0,0,0,0,0,0,0,0,0,450,258,300,953,1400002C000A01E002831E1E02BA0301000D000D0000000000000000000000000000000001C20102012C03B9
1,1,12,0,42,38803,0,0,0,1,0,2026 AUG 04 23:46:44,2026 AUG 04 23:58:32,2026 AUG 04 23:46:54,2026 AUG 04 23:58:32,N/A,N/A,2026 AUG 04 23:54:14,2026 AUG 04 23:58:32,2026 AUG 04 23:54:44,70.3145,154.7612,2026 AUG 04 23:58:02,69.2153,158.6716,2026 AUG 04 23:57:28,-9.1817,2472,15.825,330.4952,25.5098,N/A,46.7346,72.109,10,480,644,30,30,698,3,1,13,13,0,0,0,0,0,0,0,0,0,0,450,258,300,954,1400002C000A01E002841E1E02BA0301000D000D0000000000000000000000000000000001C20102012C03BA
1,1,13,0,44,38805,0,0,0,1,0,2026 AUG 05 03:42:33,2026 AUG 05 03:54:21,2026 AUG 05 03:42:43,2026 AUG 05 03:54:21,N/A,N/A,2026 AUG 05 03:50:03,2026 AUG 05 03:54:21,2026 AUG 05 03:50:33,70.2625,97.6346,2026 AUG 05 03:53:51,69.1347,101.8951,2026 AUG 05 03:53:17,-9.6445,2470,15.8653,330.5852,25.5098,N/A,46.7346,72.109,10,480,644,30,30,698,3,1,13,13,0,0,0,0,0,0,0,0,0,0,450,258,300,954,1400002C000A01E002841E1E02BA0301000D000D0000000000000000000000000000000001C20102012C03BA
1,1,14,0,46,38807,0,0,0,1,0,2026 AUG 05 07:38:29,2026 AUG 05 07:50:18,2026 AUG 05 07:38:39,2026 AUG 05 07:50:18,N/A,N/A,2026 AUG 05 07:45:59,2026 AUG 05 07:50:18,2026 AUG 05 07:46:29,70.1692,40.5744,2026 AUG 05 07:49:48,69.4209,47.0728,2026 AUG 05 07:49:13,-10.131,2468,16.0378,330.6751,25.6045,N/A,46.9157,72.3842,10,480,644,30,30,699,3,1,13,13,0,0,0,0,0,0,0,0,0,0,450,259,300,956,1400002C000A01E002841E1E02BB0301000D000D0000000000000000000000000000000001C20103012C03BC
1,1,15,0,52,38813,0,0,0,1,0,2026 AUG 05 19:26:07,2026 AUG 05 19:37:56,2026 AUG 05 19:26:17,2026 AUG 05 19:37:56,N/A,N/A,2026 AUG 05 19:33:37,2026 AUG 05 19:37:56,2026 AUG 05 19:34:07,70.0378,-130.9283,2026 AUG 05 19:37:26,68.8976,-124.6709,2026 AUG 05 19:36:51,-11.526,2463,16.0667,330.9449,25.6045,N/A,46.9157,72.3842,10,480,644,30,30,699,3,1,13,13,0,0,0,0,0,0,0,0,0,0,450,259,300,956,1400002C000A01E002841E1E02BB0301000D000D0000000000000000000000000000000001C20103012C03BC
1,1,16,0,54,38815,0,0,0,1,0,2026 AUG 05 23:21:59,2026 AUG 05 23:33:49,2026 AUG 05 23:22:09,2026 AUG 05 23:33:49,N/A,N/A,2026 AUG 05 23:29:29,2026 AUG 05 23:33:49,2026 AUG 05 23:29:59,70.06,171.7546,2026 AUG 05 23:33:19,68.7515,177.8017,2026 AUG 05 23:32:44,-11.9759,2462,16.0578,331.0347,25.6991,N/A,47.0969,72.6594,10,480,645,30,30,700,3,1,13,13,0,0,0,0,0,0,0,0,0,0,450,260,300,959,1400002C000A01E002851E1E02BC0301000D000D0000000000000000000000000000000001C20104012C03BF
1,1,17,0,56,38817,0,0,0,1,0,2026 AUG 06 03:17:47,2026 AUG 06 03:29:37,2026 AUG 06 03:17:57,2026 AUG 06 03:29:37,N/A,N/A,2026 AUG 06 03:25:17,2026 AUG 06 03:29:37,2026 AUG 06 03:25:47,70.0349,114.5604,2026 AUG 06 03:29:07,68.6576,120.7972,2026 AUG 06 03:28:32,-12.4321,2460,16.0822,331.1245,25.6991,N/A,47.0969,72.6594,10,480,645,30,30,700,3,1,13,13,0,0,0,0,0,0,0,0,0,0,450,260,300,959,1400002C000A01E002851E1E02BC0301000D000D0000000000000000000000000000000001C20104012C03BF
1,1,18,0,64,38825,0,0,0,1,0,2026 AUG 06 19:01:19,2026 AUG 06 19:13:11,2026 AUG 06 19:01:29,2026 AUG 06 19:13:11,N/A,N/A,2026 AUG 06 19:08:49,2026 AUG 06 19:13:11,2026 AUG 06 19:09:19,69.7446,-113.8967,2026 AUG 06 19:12:41,67.9822,-107.2304,2026 AUG 06 19:12:05,-14.3243,2450,16.1861,331.4836,25.8884,N/A,47.4592,73.2099,10,480,646,30,30,702,3,1,13,13,0,0,0,0,0,0,0,0,0,0,450,262,300,964,1400002C000A01E002861E1E02BE0301000D000D0000000000000000000000000000000001C20106012C03C4
1,1,19,0,66,38827,0,0,0,1,0,2026 AUG 06 22:57:14,2026 AUG 06 23:09:07,2026 AUG 06 22:57:24,2026 AUG 06 23:09:07,N/A,N/A,2026 AUG 06 23:04:44,2026 AUG 06 23:09:07,2026 AUG 06 23:05:14,69.7285,-171.1458,2026 AUG 06 23:08:37,67.9239,-164.085,2026 AUG 06 23:08:01,-14.782,2447,16.2228,331.5733,25.983,N/A,47.6403,73.4852,10,480,647,30,30,703,3,1,13,13,0,0,0,0,0,0,0,0,0,0,450,263,300,967,1400002C000A01E002871E1E02BF0301000D000D0000000000000000000000000000000001C20107012C03C7
1,1,20,0,68,38829,0,0,0,1,0,2026 AUG 07 02:53:02,2026 AUG 07 03:04:56,2026 AUG 07 02:53:12,2026 AUG 07 03:04:56,N/A,N/A,2026 AUG 07 03:00:32,2026 AUG 07 03:04:56,2026 AUG 07 03:01:02,69.7378,131.5795,2026 AUG 07 03:04:26,67.9276,139.2227,2026 AUG 07 03:03:50,-15.2349,2445,16.2686,331.663,26.0777,N/A,47.8215,73.7604,10,480,648,30,30,704,3,1,13,13,0,0,0,0,0,0,0,0,0,0,450,264,300,970,1400002C000A01E002881E1E02C00301000D000D0000000000000000000000000000000001C20108012C03CA
1,1,21,0,70,38831,0,0,0,1,0,2026 AUG 07 06:48:56,2026 AUG 07 07:00:49,2026 AUG 07 06:49:06,2026 AUG 07 07:00:49,N/A,N/A,2026 AUG 07 06:56:26,2026 AUG 07 07:00:49,2026 AUG 07 06:56:56,69.5768,74.6351,2026 AUG 07 07:00:19,67.3022,80.5105,2026 AUG 07 06:59:43,-15.7181,2441,16.1808,331.7527,25.983,N/A,47.6403,73.4852,10,480,647,30,30,703,3,1,13,13,0,0,0,0,0,0,0,0,0,0,450,263,300,967,1400002C000A01E002871E1E02BF0301000D000D0000000000000000000000000000000001C20107012C03C7
1,1,22,0,79,38840,0,0,0,1,0,2026 AUG 08 00:30:24,2026 AUG 08 00:42:20,2026 AUG 08 00:30:34,2026 AUG 08 00:42:20,N/A,N/A,2026 AUG 08 00:37:54,2026 AUG 08 00:42:20,2026 AUG 08 00:38:24,69.35,177.3408,2026 AUG 08 00:41:50,66.553,-176.7095,2026 AUG 08 00:41:14,-17.8147,2428,16.2517,332.1558,26.2669,N/A,48.1837,74.3109,10,480,650,30,30,706,3,1,13,13,0,0,0,0,0,0,0,0,0,0,450,266,300,976,1400002C000A01E0028A1E1E02C20301000D000D0000000000000000000000000000000001C2010A012C03D0
1,1,23,0,84,38845,0,0,0,1,0,2026 AUG 08 10:20:07,2026 AUG 08 10:32:04,2026 AUG 08 10:20:17,2026 AUG 08 10:32:04,N/A,N/A,2026 AUG 08 10:27:37,2026 AUG 08 10:32:04,2026 AUG 08 10:28:07,69.1037,34.6116,2026 AUG 08 10:31:34,66.0822,40.8577,2026 AUG 08 10:30:58,-19.0026,2419,16.3225,332.3796,26.3616,N/A,48.3649,74.5861,10,480,651,30,30,707,3,1,13,13,0,0,0,0,0,0,0,0,0,0,450,267,300,979,1400002C000A01E0028B1E1E02C30301000D000D0000000000000000000000000000000001C2010B012C03D3
1,1,24,0,89,38850,0,0,0,1,0,2026 AUG 08 20:09:46,2026 AUG 08 20:21:45,2026 AUG 08 20:09:56,2026 AUG 08 20:21:45,N/A,N/A,2026 AUG 08 20:17:16,2026 AUG 08 20:21:45,2026 AUG 08 20:17:46,68.8856,-108.1772,2026 AUG 08 20:21:15,65.3682,-102.8396,2026 AUG 08 20:20:39,-20.1706,2411,16.3081,332.6031,26.5509,N/A,48.7272,75.1366,10,480,653,30,30,709,3,1,13,13,0,0,0,0,0,0,0,0,0,0,450,269,300,985,1400002C000A01E0028D1E1E02C50301000D000D0000000000000000000000000000000001C2010D012C03D9
1,1,25,0,94,38855,0,0,0,1,0,2026 AUG 09 05:59:25,2026 AUG 09 06:11:27,2026 AUG 09 05:59:35,2026 AUG 09 06:11:27,N/A,N/A,2026 AUG 09 06:06:55,2026 AUG 09 06:11:27,2026 AUG 09 06:07:25,68.7262,108.9111,2026 AUG 09 06:10:57,65.5166,117.4004,2026 AUG 09 06:10:19,-21.3264,2401,16.5564,332.8266,26.8348,N/A,49.2706,75.9623,10,480,654,30,30,712,3,1,13,13,0,0,0,0,0,0,0,0,0,0,450,272,300,992,1400002C000A01E0028E1E1E02C80301000D000D0000000000000000000000000000000001C20110012C03E0
1,1,26,0,96,38857,0,0,0,1,0,2026 AUG 09 09:55:22,2026 AUG 09 10:07:24,2026 AUG 09 09:55:32,2026 AUG 09 10:07:24,N/A,N/A,2026 AUG 09 10:02:52,2026 AUG 09 10:07:24,2026 AUG 09 10:03:22,68.5976,51.8346,2026 AUG 09 10:06:54,64.8677,58.2122,2026 AUG 09 10:06:17,-21.8149,2396,16.4378,332.9159,26.8348,N/A,49.2706,75.9623,10,480,655,30,30,712,3,1,13,13,0,0,0,0,0,0,0,0,0,0,450,272,300,993,1400002C000A01E0028F1E1E02C80301000D000D0000000000000000000000000000000001C20110012C03E1
1,1,27,0,97,38858,0,0,0,1,0,2026 AUG 09 11:53:20,2026 AUG 09 12:05:23,2026 AUG 09 11:53:30,2026 AUG 09 12:05:23,N/A,N/A,2026 AUG 09 12:00:50,2026 AUG 09 12:05:23,2026 AUG 09 12:01:20,68.5878,23.2019,2026 AUG 09 12:04:53,65.1268,31.3425,2026 AUG 09 12:04:15,-22.0512,2395,16.5603,332.9606,26.9294,N/A,49.4517,76.2375,10,480,655,30,30,713,3,1,13,13,0,0,0,0,0,0,0,0,0,0,450,273,300,995,1400002C000A01E0028F1E1E02C90301000D000D0000000000000000000000000000000001C20111012C03E3
1,1,28,0,102,38863,0,0,0,1,0,2026 AUG 09 21:43:00,2026 AUG 09 21:55:05,2026 AUG 09 21:43:10,2026 AUG 09 21:55:05,N/A,N/A,2026 AUG 09 21:50:30,2026 AUG 09 21:55:05,2026 AUG 09 21:51:00,68.2965,-119.5132,2026 AUG 09 21:54:35,64.5338,-111.347,2026 AUG 09 21:53:57,-23.2197,2384,16.6133,333.1837,27.1187,N/A,49.814,76.788,10,480,657,30,30,715,3,1,13,13,0,0,0,0,0,0,0,0,0,0,450,275,300,1001,1400002C000A01E002911E1E02CB0301000D000D0000000000000000000000000000000001C20113012C03E9
1,1,29,0,104,38865,0,0,0,1,0,2026 AUG 10 01:38:52,2026 AUG 10 01:50:58,2026 AUG 10 01:39:02,2026 AUG 10 01:50:58,N/A,N/A,2026 AUG 10 01:46:22,2026 AUG 10 01:50:58,2026 AUG 10 01:46:52,68.2831,-176.7768,2026 AUG 10 01:50:28,64.4609,-168.2284,2026 AUG 10 01:49:49,-23.6764,2380,16.6475,333.273,27.2134,N/A,49.9952,77.0633,10,480,657,30,30,716,3,1,13,13,0,0,0,0,0,0,0,0,0,0,450,276,300,1003,1400002C000A01E002911E1E02CC0301000D000D0000000000000000000000000000000001C20114012C03EB
1,1,30,0,108,38869,0,0,0,1,0,2026 AUG 10 09:30:37,2026 AUG 10 09:42:45,2026 AUG 10 09:30:47,2026 AUG 10 09:42:45,N/A,N/A,2026 AUG 10 09:38:07,2026 AUG 10 09:42:45,2026 AUG 10 09:38:37,67.9963,69.1118,2026 AUG 10 09:42:15,63.924,77.7118,2026 AUG 10 09:41:36,-24.6264,2370,16.6967,333.4513,27.4027,N/A,50.3574,77.6137,10,480,659,30,30,718,3,1,13,13,0,0,0,0,0,0,0,0,0,0,450,278,300,1009,1400002C000A01E002931E1E02CE0301000D000D0000000000000000000000000000000001C20116012C03F1
1,1,31,0,109,38870,0,0,0,1,0,2026 AUG 10 11:28:36,2026 AUG 10 11:40:44,2026 AUG 10 11:28:46,2026 AUG 10 11:40:44,N/A,N/A,2026 AUG 10 11:36:06,2026 AUG 10 11:40:44,2026 AUG 10 11:36:36,67.9622,40.5098,2026 AUG 10 11:40:14,63.6852,48.2833,2026 AUG 10 11:39:35,-24.8681,2367,16.6486,333.4959,27.4027,N/A,50.3574,77.6137,10,480,659,30,30,718,3,1,13,13,0,0,0,0,0,0,0,0,0,0,450,278,300,1009,1400002C000A01E002931E1E02CE0301000D000D0000000000000000000000000000000001C20116012C03F1
1,1,32,0,114,38875,0,0,0,1,0,2026 AUG 10 21:18:17,2026 AUG 10 21:30:27,2026 AUG 10 21:18:27,2026 AUG 10 21:30:27,N/A,N/A,2026 AUG 10 21:25:47,2026 AUG 10 21:30:27,2026 AUG 10 21:26:17,67.6359,-102.2115,2026 AUG 10 21:29:57,62.8517,-95.503,2026 AUG 10 21:29:18,-26.0367,2355,16.6289,333.7187,27.5919,N/A,50.7197,78.1642,10,480,661,30,30,720,3,1,13,13,0,0,0,0,0,0,0,0,0,0,450,280,300,1015,1400002C000A01E002951E1E02D00301000D000D0000000000000000000000000000000001C20118012C03F7
1,1,33,0,115,38876,0,0,0,1,0,2026 AUG 10 23:16:16,2026 AUG 10 23:28:26,2026 AUG 10 23:16:26,2026 AUG 10 23:28:26,N/A,N/A,2026 AUG 10 23:23:46,2026 AUG 10 23:28:26,2026 AUG 10 23:24:16,67.578,-130.7815,2026 AUG 10 23:27:56,62.7172,-124.2053,2026 AUG 10 23:27:17,-26.2701,2352,16.6292,333.7633,27.5919,N/A,50.7197,78.1642,10,480,661,30,30,720,3,1,13,13,0,0,0,0,0,0,0,0,0,0,450,280,300,1015,1400002C000A01E002951E1E02D00301000D000D0000000000000000000000000000000001C20118012C03F7
1,1,34,0,117,38878,0,0,0,1,0,2026 AUG 11 03:12:05,2026 AUG 11 03:24:17,2026 AUG 11 03:12:15,2026 AUG 11 03:24:17,N/A,N/A,2026 AUG 11 03:19:35,2026 AUG 11 03:24:17,2026 AUG 11 03:20:05,67.5967,171.9109,2026 AUG 11 03:23:47,62.4907,178.0427,2026 AUG 11 03:23:08,-26.7253,2347,16.6047,333.8523,27.7812,N/A,51.082,78.7147,10,480,663,30,30,722,3,1,13,13,0,0,0,0,0,0,0,0,0,0,450,282,300,1021,1400002C000A01E002971E1E02D20301000D000D0000000000000000000000000000000001C2011A012C03FD
1,1,35,0,120,38881,0,0,0,1,0,2026 AUG 11 09:05:55,2026 AUG 11 09:18:09,2026 AUG 11 09:06:05,2026 AUG 11 09:18:09,N/A,N/A,2026 AUG 11 09:13:25,2026 AUG 11 09:18:09,2026 AUG 11 09:13:55,67.2909,86.4165,2026 AUG 11 09:17:39,62.3456,94.487,2026 AUG 11 09:16:59,-27.441,2339,16.7747,333.9859,27.9705,N/A,51.4443,79.2652,10,480,664,30,30,724,3,1,13,13,0,0,0,0,0,0,0,0,0,0,450,284,300,1026,1400002C000A01E002981E1E02D40301000D000D0000000000000000000000000000000001C2011C012C0402
1,1,36,0,121,38882,0,0,0,1,0,2026 AUG 11 11:03:54,2026 AUG 11 11:16:09,2026 AUG 11 11:04:04,2026 AUG 11 11:16:09,N/A,N/A,2026 AUG 11 11:11:24,2026 AUG 11 11:16:09,2026 AUG 11 11:11:54,67.2382,57.8337,2026 AUG 11 11:15:39,62.2697,66.2353,2026 AUG 11 11:14:59,-27.6859,2335,16.8053,334.0304,28.0651,N/A,51.6254,79.5404,10,480,665,30,30,725,3,1,13,13,0,0,0,0,0,0,0,0,0,0,450,285,300,1029,1400002C000A01E002991E1E02D50301000D000D0000000000000000000000000000000001C2011D012C0405
1,1,37,0,126,38887,0,0,0,1,0,2026 AUG 11 20:53:35,2026 AUG 11 21:05:52,2026 AUG 11 20:53:45,2026 AUG 11 21:05:52,N/A,N/A,2026 AUG 11 21:01:05,2026 AUG 11 21:05:52,2026 AUG 11 21:01:35,66.8851,-84.9098,2026 AUG 11 21:05:22,61.5192,-76.9963,2026 AUG 11 21:04:42,-28.8574,2321,16.8228,334.2528,28.2544,N/A,51.9877,80.0909,10,480,667,30,30,727,3,1,13,13,0,0,0,0,0,0,0,0,0,0,450,287,300,1035,1400002C000A01E0029B1E1E02D70301000D000D0000000000000000000000000000000001C2011F012C040B
1,1,38,0,128,38889,0,0,0,1,0,2026 AUG 12 00:49:31,2026 AUG 12 01:01:50,2026 AUG 12 00:49:41,2026 AUG 12 01:01:50,N/A,N/A,2026 AUG 12 00:57:01,2026 AUG 12 01:01:50,2026 AUG 12 00:57:31,66.788,-142.0895,2026 AUG 12 01:01:20,61.2152,-134.4393,2026 AUG 12 01:00:40,-29.3264,2314,16.8208,334.3418,28.4437,N/A,52.35,80.6413,10,480,669,30,30,729,3,1,13,13,0,0,0,0,0,0,0,0,0,0,450,289,300,1041,1400002C000A01E0029D1E1E02D90301000D000D0000000000000000000000000000000001C20121012C0411
1,1,39,0,129,38890,0,0,0,1,0,2026 AUG 12 02:47:26,2026 AUG 12 02:59:45,2026 AUG 12 02:47:36,2026 AUG 12 02:59:45,N/A,N/A,2026 AUG 12 02:54:56,2026 AUG 12 02:59:45,2026 AUG 12 02:55:26,66.7823,-170.7263,2026 AUG 12 02:59:15,60.8561,-164.6899,2026 AUG 12 02:58:35,-29.5541,2312,16.7169,334.3862,28.4437,N/A,52.35,80.6413,10,480,669,30,30,729,3,1,13,13,0,0,0,0,0,0,0,0,0,0,450,289,300,1041,1400002C000A01E0029D1E1E02D90301000D000D0000000000000000000000000000000001C20121012C0411
1,1,40,0,132,38893,0,0,0,1,0,2026 AUG 12 08:41:14,2026 AUG 12 08:53:35,2026 AUG 12 08:41:24,2026 AUG 12 08:53:35,N/A,N/A,2026 AUG 12 08:48:44,2026 AUG 12 08:53:35,2026 AUG 12 08:49:14,66.4898,103.7177,2026 AUG 12 08:53:05,60.3454,109.6907,2026 AUG 12 08:52:24,-30.2613,2302,16.7486,334.5195,28.633,N/A,52.7123,81.1918,10,480,670,30,30,731,3,1,13,13,0,0,0,0,0,0,0,0,0,0,450,291,300,1046,1400002C000A01E0029E1E1E02DB0301000D000D0000000000000000000000000000000001C20123012C0416
1,1,41,0,134,38895,0,0,0,1,0,2026 AUG 12 12:37:13,2026 AUG 12 12:49:35,2026 AUG 12 12:37:23,2026 AUG 12 12:49:35,N/A,N/A,2026 AUG 12 12:44:43,2026 AUG 12 12:49:35,2026 AUG 12 12:45:13,66.3439,46.5802,2026 AUG 12 12:49:05,60.172,53.1173,2026 AUG 12 12:48:24,-30.7486,2295,16.8053,334.6084,28.7276,N/A,52.8934,81.4671,10,480,671,30,30,732,3,1,13,13,0,0,0,0,0,0,0,0,0,0,450,292,300,1049,1400002C000A01E0029F1E1E02DC0301000D000D0000000000000000000000000000000001C20124012C0419
1,1,42,0,137,38898,0,0,0,1,0,2026 AUG 12 18:30:56,2026 AUG 12 18:43:21,2026 AUG 12 18:31:06,2026 AUG 12 18:43:21,N/A,N/A,2026 AUG 12 18:38:26,2026 AUG 12 18:43:21,2026 AUG 12 18:38:56,66.2087,-39.1768,2026 AUG 12 18:42:51,59.9497,-31.8,2026 AUG 12 18:42:09,-31.4303,2285,16.8828,334.7416,29.0116,N/A,53.4369,82.2928,10,480,673,30,30,735,3,1,13,13,0,0,0,0,0,0,0,0,0,0,450,295,300,1057,1400002C000A01E002A11E1E02DF0301000D000D0000000000000000000000000000000001C20127012C0421
1,1,43,0,138,38899,0,0,0,1,0,2026 AUG 12 20:28:56,2026 AUG 12 20:41:21,2026 AUG 12 20:29:06,2026 AUG 12 20:41:21,N/A,N/A,2026 AUG 12 20:36:26,2026 AUG 12 20:41:21,2026 AUG 12 20:36:56,66.0207,-67.6073,2026 AUG 12 20:40:51,59.7248,-60.1584,2026 AUG 12 20:40:09,-31.6764,2281,16.9064,334.786,29.0116,N/A,53.4369,82.2928,10,480,673,30,30,735,3,1,13,13,0,0,0,0,0,0,0,0,0,0,450,295,300,1057,1400002C000A01E002A11E1E02DF0301000D000D0000000000000000000000000000000001C20127012C0421
1,1,44,0,140,38901,0,0,0,1,0,2026 AUG 13 00:24:55,2026 AUG 13 00:37:21,2026 AUG 13 00:25:05,2026 AUG 13 00:37:21,N/A,N/A,2026 AUG 13 00:32:25,2026 AUG 13 00:37:21,2026 AUG 13 00:32:55,65.8244,-124.6961,2026 AUG 13 00:36:51,59.3132,-117.72,2026 AUG 13 00:36:09,-32.151,2274,16.8972,334.8748,29.1062,N/A,53.618,82.568,10,480,674,30,30,736,3,1,13,13,0,0,0,0,0,0,0,0,0,0,450,296,300,1060,1400002C000A01E002A21E1E02E00301000D000D0000000000000000000000000000000001C20128012C0424
1,1,45,0,142,38903,0,0,0,1,0,2026 AUG 13 04:20:44,2026 AUG 13 04:33:12,2026 AUG 13 04:20:54,2026 AUG 13 04:33:12,N/A,N/A,2026 AUG 13 04:28:14,2026 AUG 13 04:33:12,2026 AUG 13 04:28:44,65.8157,178.0238,2026 AUG 13 04:32:42,58.9931,-175.794,2026 AUG 13 04:32:00,-32.6086,2268,16.8514,334.9636,29.2955,N/A,53.9803,83.1185,10,480,676,30,30,738,3,1,13,13,0,0,0,0,0,0,0,0,0,0,450,298,300,1066,1400002C000A01E002A41E1E02E20301000D000D0000000000000000000000000000000001C2012A012C042A
1,1,46,0,145,38906,0,0,0,1,0,2026 AUG 13 10:14:36,2026 AUG 13 10:27:07,2026 AUG 13 10:14:46,2026 AUG 13 10:27:07,N/A,N/A,2026 AUG 13 10:22:06,2026 AUG 13 10:27:07,2026 AUG 13 10:22:36,65.4242,92.517,2026 AUG 13 10:26:37,58.669,100.4641,2026 AUG 13 10:25:54,-33.3238,2255,17.0097,335.0967,29.5794,N/A,54.5237,83.9442,10,480,678,30,30,741,3,1,13,13,0,0,0,0,0,0,0,0,0,0,450,301,300,1074,1400002C000A01E002A61E1E02E50301000D000D0000000000000000000000000000000001C2012D012C0432
1,1,47,0,147,38908,0,0,0,1,0,2026 AUG 13 14:10:33,2026 AUG 13 14:23:06,2026 AUG 13 14:10:43,2026 AUG 13 14:23:06,N/A,N/A,2026 AUG 13 14:18:03,2026 AUG 13 14:23:06,2026 AUG 13 14:18:33,65.3211,35.3109,2026 AUG 13 14:22:36,58.4016,43.2973,2026 AUG 13 14:21:53,-33.8051,2248,17.0267,335.1854,29.7687,N/A,54.886,84.4947,10,480,680,30,30,743,3,1,13,13,0,0,0,0,0,0,0,0,0,0,450,303,300,1080,1400002C000A01E002A81E1E02E70301000D000D0000000000000000000000000000000001C2012F012C0438
1,1,48,0,150,38911,0,0,0,1,0,2026 AUG 13 20:04:18,2026 AUG 13 20:16:53,2026 AUG 13 20:04:28,2026 AUG 13 20:16:53,N/A,N/A,2026 AUG 13 20:11:48,2026 AUG 13 20:16:53,2026 AUG 13 20:12:18,65.045,-50.3234,2026 AUG 13 20:16:23,57.864,-42.6101,2026 AUG 13 20:15:39,-34.4985,2236,17.0383,335.3183,29.958,N/A,55.2483,85.0451,10,480,681,30,30,745,3,1,13,13,0,0,0,0,0,0,0,0,0,0,450,305,300,1085,1400002C000A01E002A91E1E02E90301000D000D0000000000000000000000000000000001C20131012C043D
1,1,49,0,153,38914,0,0,0,1,0,2026 AUG 14 01:58:16,2026 AUG 14 02:10:54,2026 AUG 14 01:58:26,2026 AUG 14 02:10:54,N/A,N/A,2026 AUG 14 02:05:46,2026 AUG 14 02:10:54,2026 AUG 14 02:06:16,64.7285,-135.9777,2026 AUG 14 02:10:24,57.3181,-128.1215,2026 AUG 14 02:09:40,-35.2118,2223,17.0803,335.4513,30.2419,N/A,55.7917,85.8709,10,480,684,30,30,748,3,1,13,13,0,0,0,0,0,0,0,0,0,0,450,308,300,1094,1400002C000A01E002AC1E1E02EC0301000D000D0000000000000000000000000000000001C20134012C0446
1,1,50,0,155,38916,0,0,0,1,0,2026 AUG 14 05:54:05,2026 AUG 14 06:06:45,2026 AUG 14 05:54:15,2026 AUG 14 06:06:45,N/A,N/A,2026 AUG 14 06:01:35,2026 AUG 14 06:06:45,2026 AUG 14 06:02:05,64.6556,166.8042,2026 AUG 14 06:06:15,56.973,174.0418,2026 AUG 14 06:05:31,-35.6716,2215,17.0506,335.5399,30.4312,N/A,56.154,86.4213,10,480,686,30,30,750,3,1,13,13,0,0,0,0,0,0,0,0,0,0,450,310,300,1100,1400002C000A01E002AE1E1E02EE0301000D000D0000000000000000000000000000000001C20136012C044C
1,1,51,0,156,38917,0,0,0,1,0,2026 AUG 14 07:52:03,2026 AUG 14 08:04:43,2026 AUG 14 07:52:13,2026 AUG 14 08:04:43,N/A,N/A,2026 AUG 14 07:59:33,2026 AUG 14 08:04:43,2026 AUG 14 08:00:03,64.4532,138.3561,2026 AUG 14 08:04:13,56.7978,146.0496,2026 AUG 14 08:03:28,-35.9068,2211,17.0981,335.5842,30.4312,N/A,56.154,86.4213,10,480,685,30,30,750,3,1,13,13,0,0,0,0,0,0,0,0,0,0,450,310,300,1099,1400002C000A01E002AD1E1E02EE0301000D000D0000000000000000000000000000000001C20136012C044B
1,1,52,0,158,38919,0,0,0,1,0,2026 AUG 14 11:48:01,2026 AUG 14 12:00:44,2026 AUG 14 11:48:11,2026 AUG 14 12:00:44,N/A,N/A,2026 AUG 14 11:55:31,2026 AUG 14 12:00:44,2026 AUG 14 11:56:01,64.2196,81.2641,2026 AUG 14 12:00:14,56.3829,89.1296,2026 AUG 14 11:59:29,-36.3953,2200,17.1319,335.6728,30.7151,N/A,56.6974,87.2471,10,480,688,30,30,753,3,1,13,13,0,0,0,0,0,0,0,0,0,0,450,313,300,1108,1400002C000A01E002B01E1E02F10301000D000D0000000000000000000000000000000001C20139012C0454
1,1,53,0,160,38921,0,0,0,1,0,2026 AUG 14 15:43:57,2026 AUG 14 15:56:41,2026 AUG 14 15:44:07,2026 AUG 14 15:56:41,N/A,N/A,2026 AUG 14 15:51:27,2026 AUG 14 15:56:41,2026 AUG 14 15:51:57,64.0985,24.0603,2026 AUG 14 15:56:11,56.0088,31.2207,2026 AUG 14 15:55:26,-36.864,2191,17.0989,335.7613,30.8098,N/A,56.8785,87.5223,10,480,689,30,30,754,3,1,13,13,0,0,0,0,0,0,0,0,0,0,450,314,300,1111,1400002C000A01E002B11E1E02F20301000D000D0000000000000000000000000000000001C2013A012C0457
1,1,54,0,162,38923,0,0,0,1,0,2026 AUG 14 19:39:45,2026 AUG 14 19:52:31,2026 AUG 14 19:39:55,2026 AUG 14 19:52:31,N/A,N/A,2026 AUG 14 19:47:15,2026 AUG 14 19:52:31,2026 AUG 14 19:47:45,63.9166,-33.0528,2026 AUG 14 19:52:01,55.4464,-27.123,2026 AUG 14 19:51:16,-37.32,2183,17.0347,335.8498,30.9991,N/A,57.2408,88.0728,10,480,691,30,30,756,3,1,13,13,0,0,0,0,0,0,0,0,0,0,450,316,300,1117,1400002C000A01E002B31E1E02F40301000D000D0000000000000000000000000000000001C2013C012C045D
1,1,55,0,163,38924,0,0,0,1,0,2026 AUG 14 21:37:46,2026 AUG 14 21:50:33,2026 AUG 14 21:37:56,2026 AUG 14 21:50:33,N/A,N/A,2026 AUG 14 21:45:16,2026 AUG 14 21:50:33,2026 AUG 14 21:45:46,63.6839,-61.5002,2026 AUG 14 21:50:03,55.4008,-53.9675,2026 AUG 14 21:49:17,-37.5642,2178,17.16,335.894,31.0937,N/A,57.422,88.348,10,480,691,30,30,757,3,1,13,13,0,0,0,0,0,0,0,0,0,0,450,317,300,1119,1400002C000A01E002B31E1E02F50301000D000D0000000000000000000000000000000001C2013D012C045F
1,1,56,0,165,38926,0,0,0,1,0,2026 AUG 15 01:33:45,2026 AUG 15 01:46:34,2026 AUG 15 01:33:55,2026 AUG 15 01:46:34,N/A,N/A,2026 AUG 15 01:41:15,2026 AUG 15 01:46:34,2026 AUG 15 01:41:45,63.4528,-118.6195,2026 AUG 15 01:46:04,54.8853,-111.7701,2026 AUG 15 01:45:18,-38.0396,2167,17.135,335.9825,31.283,N/A,57.7843,88.8985,10,480,693,30,30,759,3,1,13,13,0,0,0,0,0,0,0,0,0,0,450,319,300,1125,1400002C000A01E002B51E1E02F70301000D000D0000000000000000000000000000000001C2013F012C0465
1,1,57,0,167,38928,0,0,0,1,0,2026 AUG 15 05:29:34,2026 AUG 15 05:42:26,2026 AUG 15 05:29:44,2026 AUG 15 05:42:26,N/A,N/A,2026 AUG 15 05:37:04,2026 AUG 15 05:42:26,2026 AUG 15 05:37:34,63.4067,-175.878,2026 AUG 15 05:41:56,54.6705,-168.7656,2026 AUG 15 05:41:09,-38.4989,2159,17.1614,336.071,31.5669,N/A,58.3277,89.7242,10,480,695,30,30,762,3,1,13,13,0,0,0,0,0,0,0,0,0,0,450,322,300,1133,1400002C000A01E002B71E1E02FA0301000D000D0000000000000000000000000000000001C20142012C046D
1,1,58,0,168,38929,0,0,0,1,0,2026 AUG 15 07:27:30,2026 AUG 15 07:40:23,2026 AUG 15 07:27:40,2026 AUG 15 07:40:23,N/A,N/A,2026 AUG 15 07:35:00,2026 AUG 15 07:40:23,2026 AUG 15 07:35:30,63.2476,155.6141,2026 AUG 15 07:39:53,54.457,162.9118,2026 AUG 15 07:39:06,-38.7307,2154,17.1867,336.1152,31.6615,N/A,58.5088,89.9994,10,480,696,30,30,763,3,1,13,13,0,0,0,0,0,0,0,0,0,0,450,323,300,1136,1400002C000A01E002B81E1E02FB0301000D000D0000000000000000000000000000000001C20143012C0470
1,1,59,0,170,38931,0,0,0,1,0,2026 AUG 15 11:23:29,2026 AUG 15 11:36:24,2026 AUG 15 11:23:39,2026 AUG 15 11:36:24,N/A,N/A,2026 AUG 15 11:30:59,2026 AUG 15 11:36:24,2026 AUG 15 11:31:29,62.893,98.5959,2026 AUG 15 11:35:54,53.9367,105.9642,2026 AUG 15 11:35:06,-39.2133,2142,17.2186,336.2036,31.8508,N/A,58.8711,90.5499,10,480,697,30,30,765,3,1,13,13,0,0,0,0,0,0,0,0,0,0,450,325,300,1141,1400002C000A01E002B91E1E02FD0301000D000D0000000000000000000000000000000001C20145012C0475
1,1,60,0,174,38935,0,0,0,1,0,2026 AUG 15 19:15:14,2026 AUG 15 19:28:14,2026 AUG 15 19:15:24,2026 AUG 15 19:28:14,N/A,N/A,2026 AUG 15 19:22:44,2026 AUG 15 19:28:14,2026 AUG 15 19:23:14,62.6023,-15.7832,2026 AUG 15 19:27:44,53.1969,-8.7771,2026 AUG 15 19:26:56,-40.1424,2121,17.2233,336.3803,32.324,N/A,59.7768,91.9261,10,480,702,30,30,770,3,1,13,13,0,0,0,0,0,0,0,0,0,0,450,330,300,901,1400002C000A01E002BE1E1E03020301000D000D0000000000000000000000000000000001C2014A012C0385
1,1,61,0,175,38936,0,0,0,1,0,2026 AUG 15 21:13:14,2026 AUG 15 21:26:14,2026 AUG 15 21:13:24,2026 AUG 15 21:26:14,N/A,N/A,2026 AUG 15 21:20:44,2026 AUG 15 21:26:14,2026 AUG 15 21:21:14,62.3418,-44.2319,2026 AUG 15 21:25:44,52.7376,-38.1351,2026 AUG 15 21:24:56,-40.3866,2115,17.1803,336.4245,32.324,N/A,59.7768,91.9261,10,480,702,30,30,770,3,1,13,13,0,0,0,0,0,0,0,0,0,0,450,330,300,901,1400002C000A01E002BE1E1E03020301000D000D0000000000000000000000000000000001C2014A012C0385
1,1,62,0,177,38938,0,0,0,1,0,2026 AUG 16 01:09:16,2026 AUG 16 01:22:19,2026 AUG 16 01:09:26,2026 AUG 16 01:22:19,N/A,N/A,2026 AUG 16 01:16:46,2026 AUG 16 01:22:19,2026 AUG 16 01:17:16,61.9948,-101.2974,2026 AUG 16 01:21:49,52.3087,-94.3927,2026 AUG 16 01:21:00,-40.8666,2103,17.2594,336.5129,32.608,N/A,60.3202,92.7518,10,480,704,30,30,773,3,1,13,13,0,0,0,0,0,0,0,0,0,0,450,333,300,909,1400002C000A01E002C01E1E03050301000D000D0000000000000000000000000000000001C2014D012C038D
1,1,63,0,180,38941,0,0,0,1,0,2026 AUG 16 07:03:03,2026 AUG 16 07:16:11,2026 AUG 16 07:03:13,2026 AUG 16 07:16:11,N/A,N/A,2026 AUG 16 07:10:33,2026 AUG 16 07:16:11,2026 AUG 16 07:11:03,61.8033,172.8847,2026 AUG 16 07:15:41,51.8256,-179.8564,2026 AUG 16 07:14:51,-41.5597,2087,17.3022,336.6453,33.0812,N/A,61.226,94.128,10,480,708,30,30,778,3,1,13,13,0,0,0,0,0,0,0,0,0,0,450,338,300,923,1400002C000A01E002C41E1E030A0301000D000D0000000000000000000000000000000001C20152012C039B
1,1,64,0,182,38943,0,0,0,1,0,2026 AUG 16 10:59:01,2026 AUG 16 11:12:11,2026 AUG 16 10:59:11,2026 AUG 16 11:12:11,N/A,N/A,2026 AUG 16 11:06:31,2026 AUG 16 11:12:11,2026 AUG 16 11:07:01,61.3881,115.8738,2026 AUG 16 11:11:41,51.1271,122.464,2026 AUG 16 11:10:51,-42.0383,2072,17.285,336.7336,33.2705,N/A,61.5882,94.6785,10,480,710,30,30,780,3,1,13,13,0,0,0,0,0,0,0,0,0,0,450,340,300,929,1400002C000A01E002C61E1E030C0301000D000D0000000000000000000000000000000001C20154012C03A1
1,1,65,0,183,38944,0,0,0,1,0,2026 AUG 16 12:57:02,2026 AUG 16 13:10:13,2026 AUG 16 12:57:12,2026 AUG 16 13:10:13,N/A,N/A,2026 AUG 16 13:04:32,2026 AUG 16 13:10:13,2026 AUG 16 13:05:02,61.2325,87.315,2026 AUG 16 13:09:43,50.8888,93.9779,2026 AUG 16 13:08:52,-42.2852,2066,17.3008,336.7777,33.3651,N/A,61.7694,94.9537,10,480,710,30,30,781,3,1,13,13,0,0,0,0,0,0,0,0,0,0,450,341,300,931,1400002C000A01E002C61E1E030D0301000D000D0000000000000000000000000000000001C20155012C03A3
1,1,66,0,186,38947,0,0,0,1,0,2026 AUG 16 18:50:50,2026 AUG 16 19:04:06,2026 AUG 16 18:51:00,2026 AUG 16 19:04:06,N/A,N/A,2026 AUG 16 18:58:20,2026 AUG 16 19:04:06,2026 AUG 16 18:58:50,61.0197,1.4954,2026 AUG 16 19:03:36,50.3869,8.5592,2026 AUG 16 19:02:44,-42.9739,2048,17.3469,336.91,33.8383,N/A,62.6751,96.3299,10,480,714,30,30,786,3,1,13,13,0,0,0,0,0,0,0,0,0,0,450,346,300,945,1400002C000A01E002CA1E1E03120301000D000D0000000000000000000000000000000001C2015A012C03B1
1,1,67,0,188,38949,0,0,0,1,0,2026 AUG 16 22:46:49,2026 AUG 16 23:00:07,2026 AUG 16 22:46:59,2026 AUG 16 23:00:07,N/A,N/A,2026 AUG 16 22:54:19,2026 AUG 16 23:00:07,2026 AUG 16 22:54:49,60.5208,-55.4815,2026 AUG 16 22:59:37,49.647,-48.8167,2026 AUG 16 22:58:45,-43.4517,2034,17.3503,336.9983,34.0276,N/A,63.0374,96.8804,10,480,716,30,30,788,3,1,13,13,0,0,0,0,0,0,0,0,0,0,450,348,300,951,1400002C000A01E002CC1E1E03140301000D000D0000000000000000000000000000000001C2015C012C03B7
1,1,68,0,191,38952,0,0,0,1,0,2026 AUG 17 04:40:44,2026 AUG 17 04:54:07,2026 AUG 17 04:40:54,2026 AUG 17 04:54:07,N/A,N/A,2026 AUG 17 04:48:14,2026 AUG 17 04:54:07,2026 AUG 17 04:48:44,60.1921,-141.2586,2026 AUG 17 04:53:37,48.8006,-135.6023,2026 AUG 17 04:52:44,-44.1589,2013,17.3072,337.1305,34.5008,N/A,63.9431,98.2566,10,480,720,30,30,793,3,1,13,13,0,0,0,0,0,0,0,0,0,0,450,353,300,965,1400002C000A01E002D01E1E03190301000D000D0000000000000000000000000000000001C20161012C03C5
1,1,69,0,192,38953,0,0,0,1,0,2026 AUG 17 06:38:38,2026 AUG 17 06:52:04,2026 AUG 17 06:38:48,2026 AUG 17 06:52:04,N/A,N/A,2026 AUG 17 06:46:08,2026 AUG 17 06:52:04,2026 AUG 17 06:46:38,60.1269,-169.8669,2026 AUG 17 06:51:34,48.7523,-162.9958,2026 AUG 17 06:50:40,-44.3881,2007,17.3944,337.1746,34.7847,N/A,64.4865,99.0823,10,480,722,30,30,796,3,1,13,13,0,0,0,0,0,0,0,0,0,0,450,356,300,973,1400002C000A01E002D21E1E031C0301000D000D0000000000000000000000000000000001C20164012C03CD
1,1,70,0,195,38956,0,0,0,1,0,2026 AUG 17 12:32:36,2026 AUG 17 12:46:06,2026 AUG 17 12:32:46,2026 AUG 17 12:46:06,N/A,N/A,2026 AUG 17 12:40:06,2026 AUG 17 12:46:06,2026 AUG 17 12:40:36,59.4726,104.5582,2026 AUG 17 12:45:36,47.7061,110.9493,2026 AUG 17 12:44:41,-45.1015,1983,17.4003,337.3068,35.1633,N/A,65.2111,100.1832,10,480,725,30,30,800,3,1,13,13,0,0,0,0,0,0,0,0,0,0,450,360,300,984,1400002C000A01E002D51E1E03200301000D000D0000000000000000000000000000000001C20168012C03D8
1,1,71,0,197,38958,0,0,0,1,0,2026 AUG 17 16:28:35,2026 AUG 17 16:42:08,2026 AUG 17 16:28:45,2026 AUG 17 16:42:08,N/A,N/A,2026 AUG 17 16:36:05,2026 AUG 17 16:42:08,2026 AUG 17 16:36:35,59.2229,47.3695,2026 AUG 17 16:41:38,47.2482,53.9231,2026 AUG 17 16:40:43,-45.5794,1969,17.4275,337.3949,35.4472,N/A,65.7545,101.0089,10,480,728,30,30,803,3,1,13,13,0,0,0,0,0,0,0,0,0,0,450,363,300,993,1400002C000A01E002D81E1E03230301000D000D0000000000000000000000000000000001C2016B012C03E1
1,1,72,0,201,38962,0,0,0,1,0,2026 AUG 18 00:20:28,2026 AUG 18 00:34:08,2026 AUG 18 00:20:38,2026 AUG 18 00:34:08,N/A,N/A,2026 AUG 18 00:27:58,2026 AUG 18 00:34:08,2026 AUG 18 00:28:28,58.4,-66.7935,2026 AUG 18 00:33:38,45.8961,-60.4614,2026 AUG 18 00:32:41,-46.5106,1937,17.4586,337.571,36.1097,N/A,67.0225,102.9356,10,480,733,30,30,810,3,1,13,13,0,0,0,0,0,0,0,0,0,0,450,370,300,1012,1400002C000A01E002DD1E1E032A0301000D000D0000000000000000000000000000000001C20172012C03F4
1,1,73,0,203,38964,0,0,0,1,0,2026 AUG 18 04:16:26,2026 AUG 18 04:30:10,2026 AUG 18 04:16:36,2026 AUG 18 04:30:10,N/A,N/A,2026 AUG 18 04:23:56,2026 AUG 18 04:30:10,2026 AUG 18 04:24:26,58.1548,-123.9965,2026 AUG 18 04:29:40,45.2972,-118.1719,2026 AUG 18 04:28:43,-46.984,1919,17.4403,337.659,36.4883,N/A,67.7471,104.0366,10,480,737,30,30,814,3,1,13,13,0,0,0,0,0,0,0,0,0,0,450,374,300,1024,1400002C000A01E002E11E1E032E0301000D000D0000000000000000000000000000000001C20176012C0400
1,1,74,0,204,38965,0,0,0,1,0,2026 AUG 18 06:14:21,2026 AUG 18 06:28:07,2026 AUG 18 06:14:31,2026 AUG 18 06:28:07,N/A,N/A,2026 AUG 18 06:21:51,2026 AUG 18 06:28:07,2026 AUG 18 06:22:21,58.0906,-152.619,2026 AUG 18 06:27:37,45.009,-147.3428,2026 AUG 18 06:26:39,-47.2128,1912,17.4089,337.703,36.6776,N/A,68.1093,104.587,10,480,738,30,30,816,3,1,13,13,0,0,0,0,0,0,0,0,0,0,450,376,300,1029,1400002C000A01E002E21E1E03300301000D000D0000000000000000000000000000000001C20178012C0405
1,1,75,0,209,38970,0,0,0,1,0,2026 AUG 18 16:04:19,2026 AUG 18 16:18:15,2026 AUG 18 16:04:29,2026 AUG 18 16:18:15,N/A,N/A,2026 AUG 18 16:11:49,2026 AUG 18 16:18:15,2026 AUG 18 16:12:19,57.0465,64.5936,2026 AUG 18 16:17:45,43.3454,70.368,2026 AUG 18 16:16:45,-48.4064,1867,17.4961,337.923,37.624,N/A,69.9208,107.3394,10,480,746,30,30,826,3,1,13,13,0,0,0,0,0,0,0,0,0,0,450,386,300,1057,1400002C000A01E002EA1E1E033A0301000D000D0000000000000000000000000000000001C20182012C0421
1,1,76,0,211,38972,0,0,0,1,0,2026 AUG 18 20:00:08,2026 AUG 18 20:14:09,2026 AUG 18 20:00:18,2026 AUG 18 20:14:09,N/A,N/A,2026 AUG 18 20:07:38,2026 AUG 18 20:14:09,2026 AUG 18 20:08:08,56.8576,7.3779,2026 AUG 18 20:13:39,42.8211,13.0528,2026 AUG 18 20:12:38,-48.8538,1850,17.5017,338.0108,38.0972,N/A,70.8265,108.7156,10,480,750,30,30,831,3,1,13,13,0,0,0,0,0,0,0,0,0,0,450,391,300,1071,1400002C000A01E002EE1E1E033F0301000D000D0000000000000000000000000000000001C20187012C042F
1,1,77,0,214,38975,0,0,0,1,0,2026 AUG 19 01:54:13,2026 AUG 19 02:08:20,2026 AUG 19 01:54:23,2026 AUG 19 02:08:20,N/A,N/A,2026 AUG 19 02:01:43,2026 AUG 19 02:08:20,2026 AUG 19 02:02:13,55.9406,-78.1925,2026 AUG 19 02:07:50,41.4101,-73.0034,2026 AUG 19 02:06:48,-49.5684,1818,17.5103,338.1427,38.6651,N/A,71.9133,110.367,10,480,755,30,30,837,3,1,13,13,0,0,0,0,0,0,0,0,0,0,450,397,300,1088,1400002C000A01E002F31E1E03450301000D000D0000000000000000000000000000000001C2018D012C0440
1,1,78,0,215,38976,0,0,0,1,0,2026 AUG 19 03:52:12,2026 AUG 19 04:06:22,2026 AUG 19 03:52:22,2026 AUG 19 04:06:22,N/A,N/A,2026 AUG 19 03:59:42,2026 AUG 19 04:06:22,2026 AUG 19 04:00:12,55.8011,-106.7996,2026 AUG 19 04:05:52,41.0952,-101.52,2026 AUG 19 04:04:49,-49.8078,1807,17.5239,338.1867,38.949,N/A,72.4567,111.1927,10,480,757,30,30,840,3,1,13,13,0,0,0,0,0,0,0,0,0,0,450,400,300,1096,1400002C000A01E002F51E1E03480301000D000D0000000000000000000000000000000001C20190012C0448
1,1,79,0,217,38978,0,0,0,1,0,2026 AUG 19 07:48:03,2026 AUG 19 08:02:19,2026 AUG 19 07:48:13,2026 AUG 19 08:02:19,N/A,N/A,2026 AUG 19 07:55:33,2026 AUG 19 08:02:19,2026 AUG 19 07:56:03,55.5982,-164.0274,2026 AUG 19 08:01:49,40.5287,-158.6713,2026 AUG 19 08:00:45,-50.2651,1789,17.5414,338.2745,39.5168,N/A,73.5436,112.8442,10,480,762,30,30,846,3,1,13,13,0,0,0,0,0,0,0,0,0,0,450,406,300,1113,1400002C000A01E002FA1E1E034E0301000D000D0000000000000000000000000000000001C20196012C0459
1,1,80,0,220,38981,0,0,0,1,0,2026 AUG 19 13:42:05,2026 AUG 19 13:56:29,2026 AUG 19 13:42:15,2026 AUG 19 13:56:29,N/A,N/A,2026 AUG 19 13:49:35,2026 AUG 19 13:56:29,2026 AUG 19 13:50:05,54.7584,110.333,2026 AUG 19 13:55:59,39.2098,115.9902,2026 AUG 19 13:54:53,-50.9773,1754,17.5975,338.4063,40.274,N/A,74.9927,115.0461,10,480,768,30,30,854,3,1,13,13,0,0,0,0,0,0,0,0,0,0,450,414,300,880,1400002C000A01E003001E1E03560301000D000D0000000000000000000000000000000001C2019E012C0370
1,1,81,0,225,38986,0,0,0,1,0,2026 AUG 19 23:32:00,2026 AUG 19 23:46:37,2026 AUG 19 23:32:10,2026 AUG 19 23:46:37,N/A,N/A,2026 AUG 19 23:39:30,2026 AUG 19 23:46:37,2026 AUG 19 23:40:00,53.632,-32.5424,2026 AUG 19 23:46:07,37.0923,-27.7531,2026 AUG 19 23:44:58,-52.1378,1698,17.5875,338.6257,41.5043,N/A,77.3476,118.6242,10,480,778,30,30,867,3,1,13,13,0,0,0,0,0,0,0,0,0,0,450,427,300,916,1400002C000A01E0030A1E1E03630301000D000D0000000000000000000000000000000001C201AB012C0394
1,1,82,0,226,38987,0,0,0,1,0,2026 AUG 20 01:30:04,2026 AUG 20 01:44:45,2026 AUG 20 01:30:14,2026 AUG 20 01:44:45,N/A,N/A,2026 AUG 20 01:37:34,2026 AUG 20 01:44:45,2026 AUG 20 01:38:04,53.2942,-61.0915,2026 AUG 20 01:44:15,36.5893,-55.8093,2026 AUG 20 01:43:05,-52.3772,1684,17.6336,338.6696,41.8829,N/A,78.0721,119.7251,10,480,781,30,30,871,3,1,13,13,0,0,0,0,0,0,0,0,0,0,450,431,300,927,1400002C000A01E0030D1E1E03670301000D000D0000000000000000000000000000000001C201AF012C039F
1,1,83,0,228,38989,0,0,0,1,0,2026 AUG 20 05:26:03,2026 AUG 20 05:40:51,2026 AUG 20 05:26:13,2026 AUG 20 05:40:51,N/A,N/A,2026 AUG 20 05:33:33,2026 AUG 20 05:40:51,2026 AUG 20 05:34:03,52.9586,-118.3127,2026 AUG 20 05:40:21,35.751,-113.4621,2026 AUG 20 05:39:10,-52.8531,1657,17.62,338.7574,42.5454,N/A,79.3401,121.6518,10,480,787,30,30,878,3,1,13,13,0,0,0,0,0,0,0,0,0,0,450,438,300,947,1400002C000A01E003131E1E036E0301000D000D0000000000000000000000000000000001C201B6012C03B3
1,1,84,0,231,38992,0,0,0,1,0,2026 AUG 20 11:19:59,2026 AUG 20 11:34:56,2026 AUG 20 11:20:09,2026 AUG 20 11:34:56,N/A,N/A,2026 AUG 20 11:27:29,2026 AUG 20 11:34:56,2026 AUG 20 11:27:59,52.1452,155.9917,2026 AUG 20 11:34:26,34.3369,160.7061,2026 AUG 20 11:33:12,-53.5368,1619,17.6419,338.8889,43.3972,N/A,80.9704,124.1289,10,480,793,30,30,887,3,1,13,13,0,0,0,0,0,0,0,0,0,0,450,447,300,971,1400002C000A01E003191E1E03770301000D000D0000000000000000000000000000000001C201BF012C03CB
1,1,85,0,232,38993,0,0,0,1,0,2026 AUG 20 13:18:01,2026 AUG 20 13:33:02,2026 AUG 20 13:18:11,2026 AUG 20 13:33:02,N/A,N/A,2026 AUG 20 13:25:31,2026 AUG 20 13:33:02,2026 AUG 20 13:26:01,51.8604,127.4147,2026 AUG 20 13:32:32,33.7351,131.6584,2026 AUG 20 13:31:18,-53.7809,1604,17.6211,338.9328,43.7757,N/A,81.695,125.2299,10,480,797,30,30,891,3,1,13,13,0,0,0,0,0,0,0,0,0,0,450,451,300,983,1400002C000A01E0031D1E1E037B0301000D000D0000000000000000000000000000000001C201C3012C03D7
1,1,86,0,236,38997,0,0,0,1,0,2026 AUG 20 21:09:56,2026 AUG 20 21:25:12,2026 AUG 20 21:10:06,2026 AUG 20 21:25:12,N/A,N/A,2026 AUG 20 21:17:26,2026 AUG 20 21:25:12,2026 AUG 20 21:17:56,51.0548,13.0065,2026 AUG 20 21:24:42,32.0794,17.8752,2026 AUG 20 21:23:24,-54.7106,1551,17.6953,339.1081,45.1954,N/A,84.4121,129.3584,10,480,808,30,30,906,3,1,13,13,0,0,0,0,0,0,0,0,0,0,450,466,300,1024,1400002C000A01E003281E1E038A0301000D000D0000000000000000000000000000000001C201D2012C0400
1,1,87,0,238,38999,0,0,0,1,0,2026 AUG 21 01:06:03,2026 AUG 21 01:21:27,2026 AUG 21 01:06:13,2026 AUG 21 01:21:27,N/A,N/A,2026 AUG 21 01:13:33,2026 AUG 21 01:21:27,2026 AUG 21 01:14:03,50.2,-44.0671,2026 AUG 21 01:20:57,30.6293,-39.9025,2026 AUG 21 01:19:37,-55.1817,1516,17.6758,339.1958,45.9525,N/A,85.8612,131.5603,10,480,814,30,30,914,3,1,13,13,0,0,0,0,0,0,0,0,0,0,450,474,300,1046,1400002C000A01E0032E1E1E03920301000D000D0000000000000000000000000000000001C201DA012C0416
1,1,88,0,239,39000,0,0,0,1,0,2026 AUG 21 03:04:07,2026 AUG 21 03:19:36,2026 AUG 21 03:04:17,2026 AUG 21 03:19:36,N/A,N/A,2026 AUG 21 03:11:37,2026 AUG 21 03:19:36,2026 AUG 21 03:12:07,49.8681,-72.6477,2026 AUG 21 03:19:06,30.0228,-68.3282,2026 AUG 21 03:17:45,-55.4213,1498,17.6975,339.2396,46.4257,N/A,86.767,132.9365,10,480,818,30,30,919,3,1,13,13,0,0,0,0,0,0,0,0,0,0,450,479,300,1060,1400002C000A01E003321E1E03970301000D000D0000000000000000000000000000000001C201DF012C0424
1,1,89,0,241,39002,0,0,0,1,0,2026 AUG 21 07:00:05,2026 AUG 21 07:15:44,2026 AUG 21 07:00:15,2026 AUG 21 07:15:44,N/A,N/A,2026 AUG 21 07:07:35,2026 AUG 21 07:15:44,2026 AUG 21 07:08:05,49.487,-129.8794,2026 AUG 21 07:15:14,29.1122,-125.0054,2026 AUG 21 07:13:50,-55.8925,1465,17.7494,339.3272,47.3721,N/A,88.5784,135.6889,10,480,825,30,30,929,3,1,13,13,0,0,0,0,0,0,0,0,0,0,450,489,300,1087,1400002C000A01E003391E1E03A10301000D000D0000000000000000000000000000000001C201E9012C043F
1,1,90,0,243,39004,0,0,0,1,0,2026 AUG 21 10:56:04,2026 AUG 21 11:11:51,2026 AUG 21 10:56:14,2026 AUG 21 11:11:51,N/A,N/A,2026 AUG 21 11:03:34,2026 AUG 21 11:11:51,2026 AUG 21 11:04:04,48.8205,172.9844,2026 AUG 21 11:11:21,27.8159,176.9359,2026 AUG 21 11:09:55,-56.3403,1432,17.7092,339.4148,48.1293,N/A,90.0275,137.8908,10,480,831,30,30,937,3,1,13,13,0,0,0,0,0,0,0,0,0,0,450,497,300,1109,1400002C000A01E0033F1E1E03A90301000D000D0000000000000000000000000000000001C201F1012C0455
1,1,91,0,245,39006,0,0,0,1,0,2026 AUG 21 14:52:10,2026 AUG 21 15:08:09,2026 AUG 21 14:52:20,2026 AUG 21 15:08:09,N/A,N/A,2026 AUG 21 14:59:40,2026 AUG 21 15:08:09,2026 AUG 21 15:00:10,48.1527,115.8116,2026 AUG 21 15:07:39,26.4881,120.1052,2026 AUG 21 15:06:10,-56.8249,1392,17.7539,339.5024,49.265,N/A,92.2012,141.1937,10,480,840,30,30,949,3,1,13,13,0,0,0,0,0,0,0,0,0,0,450,509,300,1142,1400002C000A01E003481E1E03B50301000D000D0000000000000000000000000000000001C201FD012C0476
1,1,92,0,247,39008,0,0,0,1,0,2026 AUG 21 18:48:13,2026 AUG 21 19:04:22,2026 AUG 21 18:48:23,2026 AUG 21 19:04:22,N/A,N/A,2026 AUG 21 18:55:43,2026 AUG 21 19:04:22,2026 AUG 21 18:56:13,47.6334,58.5925,2026 AUG 21 19:03:52,25.4067,63.2862,2026 AUG 21 19:02:20,-57.2953,1358,17.7978,339.5899,50.2114,N/A,94.0126,143.9461,10,480,847,30,30,959,3,1,13,13,0,0,0,0,0,0,0,0,0,0,450,519,300,914,1400002C000A01E0034F1E1E03BF0301000D000D0000000000000000000000000000000001C20207012C0392
1,1,93,0,250,39011,0,0,0,1,0,2026 AUG 22 00:42:15,2026 AUG 22 00:58:41,2026 AUG 22 00:42:25,2026 AUG 22 00:58:41,N/A,N/A,2026 AUG 22 00:49:45,2026 AUG 22 00:58:41,2026 AUG 22 00:50:15,46.5054,-27.1223,2026 AUG 22 00:58:11,23.1491,-23.2184,2026 AUG 22 00:56:34,-57.9728,1295,17.7786,339.7212,51.8203,N/A,97.092,148.6251,10,480,859,30,30,976,3,1,13,13,0,0,0,0,0,0,0,0,0,0,450,536,300,960,1400002C000A01E0035B1E1E03D00301000D000D0000000000000000000000000000000001C20218012C03C0
1,1,94,0,252,39013,0,0,0,1,0,2026 AUG 22 04:38:25,2026 AUG 22 04:55:06,2026 AUG 22 04:38:35,2026 AUG 22 04:55:06,N/A,N/A,2026 AUG 22 04:45:55,2026 AUG 22 04:55:06,2026 AUG 22 04:46:25,45.7012,-84.2956,2026 AUG 22 04:54:36,21.5481,-79.8181,2026 AUG 22 04:52:54,-58.4534,1245,17.8406,339.8087,53.24,N/A,99.8092,152.7537,10,480,869,30,30,991,3,1,13,13,0,0,0,0,0,0,0,0,0,0,450,551,300,1000,1400002C000A01E003651E1E03DF0301000D000D0000000000000000000000000000000001C20227012C03E8
1,1,95,0,255,39016,0,0,0,1,0,2026 AUG 22 10:32:22,2026 AUG 22 10:49:24,2026 AUG 22 10:32:32,2026 AUG 22 10:49:24,N/A,N/A,2026 AUG 22 10:39:52,2026 AUG 22 10:49:24,2026 AUG 22 10:40:22,44.8549,-170.1081,2026 AUG 22 10:48:54,19.4392,-165.7404,2026 AUG 22 10:47:06,-59.1295,1181,17.8597,339.9399,55.2274,N/A,103.6131,158.5337,10,480,884,30,30,1012,3,1,13,13,0,0,0,0,0,0,0,0,0,0,450,572,300,1057,1400002C000A01E003741E1E03F40301000D000D0000000000000000000000000000000001C2023C012C0421
1,1,96,0,256,39017,0,0,0,1,0,2026 AUG 22 12:30:26,2026 AUG 22 12:47:36,2026 AUG 22 12:30:36,2026 AUG 22 12:47:36,N/A,N/A,2026 AUG 22 12:37:56,2026 AUG 22 12:47:36,2026 AUG 22 12:38:26,44.3658,161.3262,2026 AUG 22 12:47:06,18.4807,165.6603,2026 AUG 22 12:45:16,-59.3589,1152,17.8708,339.9837,55.9846,N/A,105.0623,160.7356,10,480,890,30,30,1020,3,1,13,13,0,0,0,0,0,0,0,0,0,0,450,580,300,1079,1400002C000A01E0037A1E1E03FC0301000D000D0000000000000000000000000000000001C20244012C0437
1,1,97,0,261,39022,0,0,0,1,0,2026 AUG 22 22:20:33,2026 AUG 22 22:38:27,2026 AUG 22 22:20:43,2026 AUG 22 22:38:27,N/A,N/A,2026 AUG 22 22:28:03,2026 AUG 22 22:38:27,2026 AUG 22 22:28:33,42.7372,18.2835,2026 AUG 22 22:37:57,14.1547,21.8756,2026 AUG 22 22:35:53,-60.5236,1016,17.87,340.2023,60.1488,N/A,113.0325,172.846,10,480,920,30,30,1064,3,1,13,13,0,0,0,0,0,0,0,0,0,0,450,624,300,942,1400002C000A01E003981E1E04280301000D000D0000000000000000000000000000000001C20270012C03AE
1,1,98,0,263,39024,0,0,0,1,0,2026 AUG 23 02:16:48,2026 AUG 23 02:35:06,2026 AUG 23 02:16:58,2026 AUG 23 02:35:06,N/A,N/A,2026 AUG 23 02:24:18,2026 AUG 23 02:35:06,2026 AUG 23 02:24:48,41.5262,-38.8436,2026 AUG 23 02:34:36,11.5767,-35.1904,2026 AUG 23 02:32:23,-60.9864,942,17.9044,340.2898,62.4202,N/A,117.3799,179.4517,10,480,935,30,30,1088,3,1,13,13,0,0,0,0,0,0,0,0,0,0,450,648,300,1005,1400002C000A01E003A71E1E04400301000D000D0000000000000000000000000000000001C20288012C03ED
1,1,99,0,264,39025,0,0,0,1,0,2026 AUG 23 04:14:56,2026 AUG 23 04:33:27,2026 AUG 23 04:15:06,2026 AUG 23 04:33:27,N/A,N/A,2026 AUG 23 04:22:26,2026 AUG 23 04:33:27,2026 AUG 23 04:22:56,40.9961,-67.4345,2026 AUG 23 04:32:57,10.322,-63.5791,2026 AUG 23 04:30:38,-61.2268,900,17.9319,340.3335,63.6506,N/A,119.7348,183.0298,10,480,942,30,30,1101,3,1,13,13,0,0,0,0,0,0,0,0,0,0,450,661,300,1038,1400002C000A01E003AE1E1E044D0301000D000D0000000000000000000000000000000001C20295012C040E
1,1,100,0,265,39026,0,0,0,1,0,2026 AUG 23 06:12:58,2026 AUG 23 06:31:44,2026 AUG 23 06:13:08,2026 AUG 23 06:31:44,N/A,N/A,2026 AUG 23 06:20:28,2026 AUG 23 06:31:44,2026 AUG 23 06:20:58,40.6919,-96.0616,2026 AUG 23 06:31:14,9.1288,-92.4077,2026 AUG 23 06:28:50,-61.4694,860,17.9289,340.3772,65.0702,N/A,122.4519,187.1584,10,480,952,30,30,1116,3,1,13,13,0,0,0,0,0,0,0,0,0,0,450,676,300,1078,1400002C000A01E003B81E1E045C0301000D000D0000000000000000000000000000000001C202A4012C0436
1,1,101,0,266,39027,0,0,0,1,0,2026 AUG 23 08:10:57,2026 AUG 23 08:29:57,2026 AUG 23 08:11:07,2026 AUG 23 08:29:57,N/A,N/A,2026 AUG 23 08:18:27,2026 AUG 23 08:29:57,2026 AUG 23 08:18:57,40.4348,-124.6896,2026 AUG 23 08:29:27,8.0839,-120.8634,2026 AUG 23 08:26:57,-61.6977,824,17.9494,340.4209,66.3952,N/A,124.9879,191.0117,10,480,960,30,30,1130,3,1,13,13,0,0,0,0,0,0,0,0,0,0,450,690,300,1114,1400002C000A01E003C01E1E046A0301000D000D0000000000000000000000000000000001C202B2012C045A
1,1,102,0,267,39028,0,0,0,1,0,2026 AUG 23 10:08:58,2026 AUG 23 10:28:12,2026 AUG 23 10:09:08,2026 AUG 23 10:28:12,N/A,N/A,2026 AUG 23 10:16:28,2026 AUG 23 10:28:12,2026 AUG 23 10:16:58,40.0125,-153.2851,2026 AUG 23 10:27:42,6.889,-149.1941,2026 AUG 23 10:25:06,-61.9126,788,17.9792,340.4646,67.7202,N/A,127.5239,194.8651,10,480,968,30,30,1144,3,1,13,13,0,0,0,0,0,0,0,0,0,0,450,704,300,1150,1400002C000A01E003C81E1E04780301000D000D0000000000000000000000000000000001C202C0012C047E
1,1,103,0,268,39029,0,0,0,1,0,2026 AUG 23 12:07:03,2026 AUG 23 12:26:33,2026 AUG 23 12:07:13,2026 AUG 23 12:26:33,N/A,N/A,2026 AUG 23 12:14:33,2026 AUG 23 12:26:33,2026 AUG 23 12:15:03,39.4197,178.1433,2026 AUG 23 12:26:03,5.3406,-178.0831,2026 AUG 23 12:23:20,-62.1319,740,17.9731,340.5084,69.2345,N/A,130.4221,199.2689,10,480,977,30,30,1160,3,1,13,13,0,0,0,0,0,0,0,0,0,0,450,720,300,1191,1400002C000A01E003D11E1E04880301000D000D0000000000000000000000000000000001C202D0012C04A7
1,1,104,0,269,39030,0,0,0,1,0,2026 AUG 23 14:05:09,2026 AUG 23 14:25:00,2026 AUG 23 14:05:19,2026 AUG 23 14:25:00,N/A,N/A,2026 AUG 23 14:12:39,2026 AUG 23 14:25:00,2026 AUG 23 14:13:09,38.9006,149.5467,2026 AUG 23 14:24:30,3.6491,153.4755,2026 AUG 23 14:21:37,-62.3711,685,17.9983,340.5521,71.222,N/A,134.2261,205.0489,10,480,988,30,30,1181,3,1,13,13,0,0,0,0,0,0,0,0,0,0,450,741,300,1244,1400002C000A01E003DC1E1E049D0301000D000D0000000000000000000000000000000001C202E5012C04DC
5,5,105,1,273,39034,0,0,0,1,0,2026 AUG 23 21:57:21,2026 AUG 23 22:39:54,2026 AUG 23 21:57:31,2026 AUG 23 22:39:54,N/A,N/A,2026 AUG 23 22:04:51,2026 AUG 23 22:39:54,2026 AUG 23 22:05:21,37.3154,35.0739,2026 AUG 23 22:18:17,-3.3797,39.1261,2026 AUG 23 22:14:32,-63.2986,449,18.0611,340.7271,200.1245,N/A,380.9413,579.9228,10,480,1256,30,30,2543,3,1,13,13,0,0,0,0,0,0,0,0,0,0,450,2103,300,1176,1400002C000A01E004E81E1E09EF0301000D000D0000000000000000000000000000000001C20837012C0498
5,5,106,1,274,39035,0,0,0,1,0,2026 AUG 23 23:55:25,2026 AUG 24 00:37:43,2026 AUG 23 23:55:35,2026 AUG 24 00:37:43,N/A,N/A,2026 AUG 24 00:02:55,2026 AUG 24 00:37:43,2026 AUG 24 00:03:25,36.7275,6.4913,2026 AUG 24 00:17:02,-6.301,10.5017,2026 AUG 24 00:12:51,-63.5157,352,18.0792,340.7709,198.7049,N/A,378.2242,575.7943,10,480,1297,30,30,2528,3,1,13,13,0,0,0,0,0,0,0,0,0,0,450,2088,300,932,1400002C000A01E005111E1E09E00301000D000D0000000000000000000000000000000001C20828012C03A4
5,5,107,1,275,39036,0,0,0,1,0,2026 AUG 24 01:53:37,2026 AUG 24 02:35:39,2026 AUG 24 01:53:47,2026 AUG 24 02:35:39,N/A,N/A,2026 AUG 24 02:01:07,2026 AUG 24 02:35:39,2026 AUG 24 02:01:37,35.9175,-22.0777,2026 AUG 24 02:16:24,-11.0422,-17.7721,2026 AUG 24 02:11:18,-63.7437,195,18.1306,340.815,197.1906,N/A,375.3259,571.3905,10,480,1367,30,30,2512,3,1,13,13,0,0,0,0,0,0,0,0,0,0,450,2072,300,970,1400002C000A01E005571E1E09D00301000D000D0000000000000000000000000000000001C20818012C03CA
