Orbit 80/40 or 60/60 or OFF (1-11 = 80/40; 101-111 = 60/60; 12 = switch off),Orbit type,Egress solar occultation observation number,Merged Occultation (YES = 1; NO = 0),Thermal orbit/nightside number,ESA orbit number,LNO+UVIS operating (YES = 1; NO = 0),UVIS alone operating (YES = 1; NO = 0),LNO alone operating (YES = 1; NO = 0),SO+UVIS operating (YES = 1; NO = 0),SO alone operating (YES = 1; NO = 0),TC20 execution start time (UTC),TC20 execution end time (UTC),SO start time (UTC),SO end time (UTC),LNO start time (UTC),LNO end time (UTC),UVIS start time (UTC),UVIS end time (UTC),Limb Height 250 km (UTC),Latitude probed @ limb height 250 km (deg),Longitude probed @ limb height 250 km (deg),Limb Height 0 km (UTC),Latitude probed @ limb height 0 km (deg),Longitude probed @ limb height 0 km (deg),Limb Height 50 km: switch SCI1 to SCI2 (UTC),Beta angle (deg),Eclipse duration (Umbra end - Umbra start) (s),Local Solar Time (LST): TGO2SUN vector surface intercept point @ limb height 0 km (h),Solar longitude Ls (deg),SO+SINBAD data volume (Mbit),LNO+SINBAD data volume (Mbit),UVIS+SINBAD data volume (Mbit),Channel(s)+SINBAD data volume (Mbit),TC20 SO_START_TIME,TC20 SO_START_SCIENCE_1,TC20 SO_START_SCIENCE_2,TC20 SO_DURATION_REFERENCE_1,TC20 SO_DURATION_REFERENCE_2,TC20 SO_DURATION_TIME,TC20 SO_COP_GENERAL,TC20 SO_COP_PRECOOLING,TC20 SO_COP_SCIENCE_1,TC20 SO_COP_SCIENCE_2,TC20 LNO_START_TIME,TC20 LNO_START_SCIENCE_1,TC20 LNO_START_SCIENCE_2,TC20 LNO_DURATION_REFERENCE_1,TC20 LNO_DURATION_REFERENCE_2,TC20 LNO_DURATION_TIME,TC20 LNO_COP_GENERAL,TC20 LNO_COP_PRECOOLING,TC20 LNO_COP_SCIENCE_1,TC20 LNO_COP_SCIENCE_2,TC20 UVIS_START_TIME,TC20 UVIS_DURATION_TIME,TC20 UVIS_COP_ROW,TC20 CHECKSUM,TC20 (HEX)
1,1,1,0,7,38768,0,0,0,1,0,2026 AUG 02 03:43:43,2026 AUG 02 03:55:45,2026 AUG 02 03:43:53,2026 AUG 02 03:55:45,N/A,N/A,2026 AUG 02 03:51:13,2026 AUG 02 03:55:45,2026 AUG 02 03:55:15,-71.1502,-117.1747,2026 AUG 02 03:51:43,-70.7706,-118.6379,2026 AUG 02 03:52:19,-1.1416,2487,3.0544,328.9323,26.8348,N/A,49.2706,75.9623,10,480,516,30,30,712,3,1,13,13,0,0,0,0,0,0,0,0,0,0,450,272,300,854,1400002C000A01E002041E1E02C80301000D000D0000000000000000000000000000000001C20110012C0356
1,1,2,0,9,38770,0,0,0,1,0,2026 AUG 02 07:39:38,2026 AUG 02 07:51:41,2026 AUG 02 07:39:48,2026 AUG 02 07:51:41,N/A,N/A,2026 AUG 02 07:47:08,2026 AUG 02 07:51:41,2026 AUG 02 07:51:11,-71.3507,-175.0321,2026 AUG 02 07:47:38,-70.5988,-177.9981,2026 AUG 02 07:48:14,-1.6231,2487,2.9239,329.0227,26.9294,N/A,49.4517,76.2375,10,480,516,30,30,713,3,1,13,13,0,0,0,0,0,0,0,0,0,0,450,273,300,856,1400002C000A01E002041E1E02C90301000D000D0000000000000000000000000000000001C20111012C0358
1,1,3,0,11,38772,0,0,0,1,0,2026 AUG 02 11:35:30,2026 AUG 02 11:47:34,2026 AUG 02 11:35:40,2026 AUG 02 11:47:34,N/A,N/A,2026 AUG 02 11:43:00,2026 AUG 02 11:47:34,2026 AUG 02 11:47:04,-71.5808,127.0186,2026 AUG 02 11:43:30,-71.2226,124.7645,2026 AUG 02 11:44:06,-2.058,2486,2.9339,329.1131,27.0241,N/A,49.6329,76.5128,10,480,516,30,30,714,3,1,13,13,0,0,0,0,0,0,0,0,0,0,450,274,300,858,1400002C000A01E002041E1E02CA0301000D000D0000000000000000000000000000000001C20112012C035A
1,1,4,0,13,38774,0,0,0,1,0,2026 AUG 02 15:31:15,2026 AUG 02 15:43:18,2026 AUG 02 15:31:25,2026 AUG 02 15:43:18,N/A,N/A,2026 AUG 02 15:38:45,2026 AUG 02 15:43:18,2026 AUG 02 15:42:48,-71.7224,69.3682,2026 AUG 02 15:39:15,-71.018,65.7306,2026 AUG 02 15:39:51,-2.5245,2486,2.8225,329.2034,26.9294,N/A,49.4517,76.2375,10,480,516,30,30,713,3,1,13,13,0,0,0,0,0,0,0,0,0,0,450,273,300,856,1400002C000A01E002041E1E02C90301000D000D0000000000000000000000000000000001C20111012C0358
1,1,5,0,21,38782,0,0,0,1,0,2026 AUG 03 07:14:45,2026 AUG 03 07:26:48,2026 AUG 03 07:14:55,2026 AUG 03 07:26:48,N/A,N/A,2026 AUG 03 07:22:15,2026 AUG 03 07:26:48,2026 AUG 03 07:26:18,-72.4474,-161.9729,2026 AUG 03 07:22:45,-71.9858,-166.6563,2026 AUG 03 07:23:21,-4.3916,2484,2.6342,329.5647,26.9294,N/A,49.4517,76.2375,10,480,516,30,30,713,3,1,13,13,0,0,0,0,0,0,0,0,0,0,450,273,300,856,1400002C000A01E002041E1E02C90301000D000D0000000000000000000000000000000001C20111012C0358
1,1,6,0,23,38784,0,0,0,1,0,2026 AUG 03 11:10:39,2026 AUG 03 11:22:43,2026 AUG 03 11:10:49,2026 AUG 03 11:22:43,N/A,N/A,2026 AUG 03 11:18:09,2026 AUG 03 11:22:43,2026 AUG 03 11:22:13,-72.6582,140.0456,2026 AUG 03 11:18:39,-72.4349,135.546,2026 AUG 03 11:19:15,-4.8389,2483,2.6075,329.6549,27.0241,N/A,49.6329,76.5128,10,480,516,30,30,714,3,1,13,13,0,0,0,0,0,0,0,0,0,0,450,274,300,858,1400002C000A01E002041E1E02CA0301000D000D0000000000000000000000000000000001C20112012C035A
1,1,7,0,27,38788,0,0,0,1,0,2026 AUG 03 19:02:20,2026 AUG 03 19:14:24,2026 AUG 03 19:02:30,2026 AUG 03 19:14:24,N/A,N/A,2026 AUG 03 19:09:50,2026 AUG 03 19:14:24,2026 AUG 03 19:13:54,-72.9536,24.5343,2026 AUG 03 19:10:20,-72.8848,19.5311,2026 AUG 03 19:10:56,-5.7782,2481,2.5242,329.8353,27.0241,N/A,49.6329,76.5128,10,480,516,30,30,714,3,1,13,13,0,0,0,0,0,0,0,0,0,0,450,274,300,858,1400002C000A01E002041E1E02CA0301000D000D0000000000000000000000000000000001C20112012C035A
1,1,8,0,33,38794,0,0,0,1,0,2026 AUG 04 06:49:52,2026 AUG 04 07:01:56,2026 AUG 04 06:50:02,2026 AUG 04 07:01:56,N/A,N/A,2026 AUG 04 06:57:22,2026 AUG 04 07:01:56,2026 AUG 04 07:01:26,-73.4774,-149.1246,2026 AUG 04 06:57:52,-73.9788,-154.059,2026 AUG 04 06:58:28,-7.1632,2478,2.4283,330.1057,27.0241,N/A,49.6329,76.5128,10,480,516,30,30,714,3,1,13,13,0,0,0,0,0,0,0,0,0,0,450,274,300,858,1400002C000A01E002041E1E02CA0301000D000D0000000000000000000000000000000001C20112012C035A
1,1,9,0,35,38796,0,0,0,1,0,2026 AUG 04 10:45:46,2026 AUG 04 10:57:52,2026 AUG 04 10:45:56,2026 AUG 04 10:57:52,N/A,N/A,2026 AUG 04 10:53:16,2026 AUG 04 10:57:52,2026 AUG 04 10:57:22,-73.6668,152.8755,2026 AUG 04 10:53:46,-73.4716,145.7312,2026 AUG 04 10:54:23,-7.6254,2476,2.2408,330.1958,27.2134,N/A,49.9952,77.0633,10,480,517,30,30,716,3,1,13,13,0,0,0,0,0,0,0,0,0,0,450,276,300,863,1400002C000A01E002051E1E02CC0301000D000D0000000000000000000000000000000001C20114012C035F
1,1,10,0,37,38798,0,0,0,1,0,2026 AUG 04 14:41:31,2026 AUG 04 14:53:36,2026 AUG 04 14:41:41,2026 AUG 04 14:53:36,N/A,N/A,2026 AUG 04 14:49:01,2026 AUG 04 14:53:36,2026 AUG 04 14:53:06,-73.8421,94.9638,2026 AUG 04 14:49:31,-73.8332,87.8385,2026 AUG 04 14:50:08,-8.064,2475,2.2056,330.2859,27.1187,N/A,49.814,76.788,10,480,517,30,30,715,3,1,13,13,0,0,0,0,0,0,0,0,0,0,450,275,300,861,1400002C000A01E002051E1E02CB0301000D000D0000000000000000000000000000000001C20113012C035D
1,1,11,0,39,38800,0,0,0,1,0,2026 AUG 04 18:37:25,2026 AUG 04 18:49:30,2026 AUG 04 18:37:35,2026 AUG 04 18:49:30,N/A,N/A,2026 AUG 04 18:44:55,2026 AUG 04 18:49:30,2026 AUG 04 18:49:00,-73.9539,37.2732,2026 AUG 04 18:45:25,-74.9674,32.1104,2026 AUG 04 18:46:01,-8.5597,2474,2.3167,330.3759,27.1187,N/A,49.814,76.788,10,480,516,30,30,715,3,1,13,13,0,0,0,0,0,0,0,0,0,0,450,275,300,860,1400002C000A01E002041E1E02CB0301000D000D0000000000000000000000000000000001C20113012C035C
1,1,12,0,47,38808,0,0,0,1,0,2026 AUG 05 10:20:52,2026 AUG 05 10:32:59,2026 AUG 05 10:21:02,2026 AUG 05 10:32:59,N/A,N/A,2026 AUG 05 10:28:22,2026 AUG 05 10:32:59,2026 AUG 05 10:32:29,-74.6226,165.4189,2026 AUG 05 10:28:52,-74.5692,155.772,2026 AUG 05 10:29:29,-10.4219,2467,1.8644,330.7358,27.308,N/A,50.1763,77.3385,10,480,517,30,30,717,3,1,13,13,0,0,0,0,0,0,0,0,0,0,450,277,300,865,1400002C000A01E002051E1E02CD0301000D000D0000000000000000000000000000000001C20115012C0361
1,1,13,0,49,38810,0,0,0,1,0,2026 AUG 05 14:16:39,2026 AUG 05 14:28:47,2026 AUG 05 14:16:49,2026 AUG 05 14:28:47,N/A,N/A,2026 AUG 05 14:24:09,2026 AUG 05 14:28:47,2026 AUG 05 14:28:17,-74.7911,107.4169,2026 AUG 05 14:24:39,-75.1002,97.9831,2026 AUG 05 14:25:16,-10.856,2465,1.8367,330.8257,27.4027,N/A,50.3574,77.6137,10,480,517,30,30,718,3,1,13,13,0,0,0,0,0,0,0,0,0,0,450,278,300,867,1400002C000A01E002051E1E02CE0301000D000D0000000000000000000000000000000001C20116012C0363
1,1,14,0,51,38812,0,0,0,1,0,2026 AUG 05 18:12:29,2026 AUG 05 18:24:37,2026 AUG 05 18:12:39,2026 AUG 05 18:24:37,N/A,N/A,2026 AUG 05 18:19:59,2026 AUG 05 18:24:37,2026 AUG 05 18:24:07,-74.897,49.7102,2026 AUG 05 18:20:29,-74.8779,39.1463,2026 AUG 05 18:21:06,-11.3431,2464,1.7394,330.9156,27.4027,N/A,50.3574,77.6137,10,480,517,30,30,718,3,1,13,13,0,0,0,0,0,0,0,0,0,0,450,278,300,867,1400002C000A01E002051E1E02CE0301000D000D0000000000000000000000000000000001C20116012C0363
1,1,15,0,57,38818,0,0,0,1,0,2026 AUG 06 06:00:00,2026 AUG 06 06:12:09,2026 AUG 06 06:00:10,2026 AUG 06 06:12:09,N/A,N/A,2026 AUG 06 06:07:30,2026 AUG 06 06:12:09,2026 AUG 06 06:11:39,-75.3528,-124.2287,2026 AUG 06 06:08:00,-75.4055,-136.1689,2026 AUG 06 06:08:37,-12.7312,2458,1.5286,331.185,27.4973,N/A,50.5386,77.889,10,480,517,30,30,719,3,1,13,13,0,0,0,0,0,0,0,0,0,0,450,279,300,869,1400002C000A01E002051E1E02CF0301000D000D0000000000000000000000000000000001C20117012C0365
1,1,16,0,59,38820,0,0,0,1,0,2026 AUG 06 09:55:55,2026 AUG 06 10:08:04,2026 AUG 06 09:56:05,2026 AUG 06 10:08:04,N/A,N/A,2026 AUG 06 10:03:25,2026 AUG 06 10:08:04,2026 AUG 06 10:07:34,-75.5103,177.6995,2026 AUG 06 10:03:55,-75.7302,165.5069,2026 AUG 06 10:04:32,-13.2155,2455,1.4669,331.2748,27.4973,N/A,50.5386,77.889,10,480,517,30,30,719,3,1,13,13,0,0,0,0,0,0,0,0,0,0,450,279,300,869,1400002C000A01E002051E1E02CF0301000D000D0000000000000000000000000000000001C20117012C0365
1,1,17,0,61,38822,0,0,0,1,0,2026 AUG 06 13:51:44,2026 AUG 06 14:03:55,2026 AUG 06 13:51:54,2026 AUG 06 14:03:55,N/A,N/A,2026 AUG 06 13:59:14,2026 AUG 06 14:03:55,2026 AUG 06 14:03:25,-75.6661,119.6284,2026 AUG 06 13:59:44,-75.9511,106.9325,2026 AUG 06 14:00:21,-13.6564,2453,1.3872,331.3646,27.6866,N/A,50.9009,78.4394,10,480,517,30,30,721,3,1,13,13,0,0,0,0,0,0,0,0,0,0,450,281,300,873,1400002C000A01E002051E1E02D10301000D000D0000000000000000000000000000000001C20119012C0369
1,1,18,0,63,38824,0,0,0,1,0,2026 AUG 06 17:47:31,2026 AUG 06 17:59:41,2026 AUG 06 17:47:41,2026 AUG 06 17:59:41,N/A,N/A,2026 AUG 06 17:55:01,2026 AUG 06 17:59:41,2026 AUG 06 17:59:11,-75.7753,61.8425,2026 AUG 06 17:55:31,-76.6886,49.648,2026 AUG 06 17:56:08,-14.1341,2450,1.3931,331.4543,27.5919,N/A,50.7197,78.1642,10,480,517,30,30,720,3,1,13,13,0,0,0,0,0,0,0,0,0,0,450,280,300,871,1400002C000A01E002051E1E02D00301000D000D0000000000000000000000000000000001C20118012C0367
1,1,19,0,72,38833,0,0,0,1,0,2026 AUG 07 11:28:54,2026 AUG 07 11:41:07,2026 AUG 07 11:29:04,2026 AUG 07 11:41:07,N/A,N/A,2026 AUG 07 11:36:24,2026 AUG 07 11:41:07,2026 AUG 07 11:40:37,-76.4051,160.5635,2026 AUG 07 11:36:54,-76.6034,144.6584,2026 AUG 07 11:37:32,-16.2512,2439,0.94389,331.8578,27.8759,N/A,51.2631,78.9899,10,480,518,30,30,723,3,1,13,13,0,0,0,0,0,0,0,0,0,0,450,283,300,878,1400002C000A01E002061E1E02D30301000D000D0000000000000000000000000000000001C2011B012C036E
1,1,20,0,74,38835,0,0,0,1,0,2026 AUG 07 15:24:39,2026 AUG 07 15:36:53,2026 AUG 07 15:24:49,2026 AUG 07 15:36:53,N/A,N/A,2026 AUG 07 15:32:09,2026 AUG 07 15:36:53,2026 AUG 07 15:36:23,-76.5478,102.4311,2026 AUG 07 15:32:39,-76.5239,85.7135,2026 AUG 07 15:33:17,-16.6898,2435,0.83833,331.9473,27.9705,N/A,51.4443,79.2652,10,480,518,30,30,724,3,1,13,13,0,0,0,0,0,0,0,0,0,0,450,284,300,880,1400002C000A01E002061E1E02D40301000D000D0000000000000000000000000000000001C2011C012C0370
1,1,21,0,78,38839,0,0,0,1,0,2026 AUG 07 23:16:24,2026 AUG 07 23:28:39,2026 AUG 07 23:16:34,2026 AUG 07 23:28:39,N/A,N/A,2026 AUG 07 23:23:54,2026 AUG 07 23:28:39,2026 AUG 07 23:28:09,-76.7919,-13.6575,2026 AUG 07 23:24:24,-77.1692,-31.234,2026 AUG 07 23:25:02,-17.6485,2429,0.69417,332.1264,28.0651,N/A,51.6254,79.5404,10,480,518,30,30,725,3,1,13,13,0,0,0,0,0,0,0,0,0,0,450,285,300,882,1400002C000A01E002061E1E02D50301000D000D0000000000000000000000000000000001C2011D012C0372
1,1,22,0,90,38851,0,0,0,1,0,2026 AUG 08 22:51:22,2026 AUG 08 23:03:41,2026 AUG 08 22:51:32,2026 AUG 08 23:03:41,N/A,N/A,2026 AUG 08 22:58:52,2026 AUG 08 23:03:41,2026 AUG 08 23:03:11,-77.4959,-2.2815,2026 AUG 08 22:59:22,-77.1404,-24.0169,2026 AUG 08 23:00:01,-20.4599,2409,0.12778,332.6631,28.4437,N/A,52.35,80.6413,10,480,519,30,30,729,3,1,13,13,0,0,0,0,0,0,0,0,0,0,450,289,300,891,1400002C000A01E002071E1E02D90301000D000D0000000000000000000000000000000001C20121012C037B
1,1,23,0,92,38853,0,0,0,1,0,2026 AUG 09 02:47:10,2026 AUG 09 02:59:31,2026 AUG 09 02:47:20,2026 AUG 09 02:59:31,N/A,N/A,2026 AUG 09 02:54:40,2026 AUG 09 02:59:31,2026 AUG 09 02:59:01,-77.62,-60.5796,2026 AUG 09 02:55:10,-77.4075,-83.0468,2026 AUG 09 02:55:49,-20.9091,2406,0.017222,332.7524,28.633,N/A,52.7123,81.1918,10,480,519,30,30,731,3,1,13,13,0,0,0,0,0,0,0,0,0,0,450,291,300,895,1400002C000A01E002071E1E02DB0301000D000D0000000000000000000000000000000001C20123012C037F
1,1,24,0,94,38855,0,0,0,1,0,2026 AUG 09 06:42:57,2026 AUG 09 06:55:18,2026 AUG 09 06:43:07,2026 AUG 09 06:55:18,N/A,N/A,2026 AUG 09 06:50:27,2026 AUG 09 06:55:18,2026 AUG 09 06:54:48,-77.7042,-118.4641,2026 AUG 09 06:50:57,-77.8028,-141.5401,2026 AUG 09 06:51:36,-21.3802,2401,23.9425,332.8417,28.633,N/A,52.7123,81.1918,10,480,519,30,30,731,3,1,13,13,0,0,0,0,0,0,0,0,0,0,450,291,300,895,1400002C000A01E002071E1E02DB0301000D000D0000000000000000000000000000000001C20123012C037F
1,1,25,0,97,38858,0,0,0,1,0,2026 AUG 09 12:36:46,2026 AUG 09 12:49:09,2026 AUG 09 12:36:56,2026 AUG 09 12:49:09,N/A,N/A,2026 AUG 09 12:44:16,2026 AUG 09 12:49:09,2026 AUG 09 12:48:39,-77.8676,154.188,2026 AUG 09 12:44:46,-77.5048,130.0267,2026 AUG 09 12:45:26,-22.1029,2395,23.7861,332.9757,28.8223,N/A,53.0746,81.7423,10,480,520,30,30,733,3,1,13,13,0,0,0,0,0,0,0,0,0,0,450,293,300,900,1400002C000A01E002081E1E02DD0301000D000D0000000000000000000000000000000001C20125012C0384
1,1,26,0,102,38863,0,0,0,1,0,2026 AUG 09 22:26:18,2026 AUG 09 22:38:43,2026 AUG 09 22:26:28,2026 AUG 09 22:38:43,N/A,N/A,2026 AUG 09 22:33:48,2026 AUG 09 22:38:43,2026 AUG 09 22:38:13,-78.1074,8.8512,2026 AUG 09 22:34:18,-77.9041,-17.1501,2026 AUG 09 22:34:58,-23.2738,2384,23.5375,333.1988,29.0116,N/A,53.4369,82.2928,10,480,520,30,30,735,3,1,13,13,0,0,0,0,0,0,0,0,0,0,450,295,300,904,1400002C000A01E002081E1E02DF0301000D000D0000000000000000000000000000000001C20127012C0388
1,1,27,0,104,38865,0,0,0,1,0,2026 AUG 10 02:22:06,2026 AUG 10 02:34:32,2026 AUG 10 02:22:16,2026 AUG 10 02:34:32,N/A,N/A,2026 AUG 10 02:29:36,2026 AUG 10 02:34:32,2026 AUG 10 02:34:02,-78.2379,-49.8567,2026 AUG 10 02:30:06,-77.361,-76.1907,2026 AUG 10 02:30:46,-23.7298,2380,23.4264,333.288,29.1062,N/A,53.618,82.568,10,480,520,30,30,736,3,1,13,13,0,0,0,0,0,0,0,0,0,0,450,296,300,906,1400002C000A01E002081E1E02E00301000D000D0000000000000000000000000000000001C20128012C038A
1,1,28,0,108,38869,0,0,0,1,0,2026 AUG 10 10:13:43,2026 AUG 10 10:26:10,2026 AUG 10 10:13:53,2026 AUG 10 10:26:10,N/A,N/A,2026 AUG 10 10:21:13,2026 AUG 10 10:26:10,2026 AUG 10 10:25:40,-78.4082,-166.1293,2026 AUG 10 10:21:43,-77.3764,166.3492,2026 AUG 10 10:22:24,-24.6814,2370,23.2458,333.4663,29.2009,N/A,53.7991,82.8432,10,480,521,30,30,737,3,1,13,13,0,0,0,0,0,0,0,0,0,0,450,297,300,909,1400002C000A01E002091E1E02E10301000D000D0000000000000000000000000000000001C20129012C038D
1,1,29,0,111,38872,0,0,0,1,0,2026 AUG 10 16:07:26,2026 AUG 10 16:19:56,2026 AUG 10 16:07:36,2026 AUG 10 16:19:56,N/A,N/A,2026 AUG 10 16:14:56,2026 AUG 10 16:19:56,2026 AUG 10 16:19:26,-78.5383,106.4911,2026 AUG 10 16:15:26,-77.6206,77.6168,2026 AUG 10 16:16:07,-25.3641,2362,23.0683,333.5999,29.4848,N/A,54.3426,83.669,10,480,521,30,30,740,3,1,13,13,0,0,0,0,0,0,0,0,0,0,450,300,300,915,1400002C000A01E002091E1E02E40301000D000D0000000000000000000000000000000001C2012C012C0393
1,1,30,0,114,38875,0,0,0,1,0,2026 AUG 10 22:01:11,2026 AUG 10 22:13:42,2026 AUG 10 22:01:21,2026 AUG 10 22:13:42,N/A,N/A,2026 AUG 10 22:08:41,2026 AUG 10 22:13:42,2026 AUG 10 22:13:12,-78.6491,19.3491,2026 AUG 10 22:09:11,-77.1752,-9.9297,2026 AUG 10 22:09:52,-26.0886,2355,22.97,333.7336,29.5794,N/A,54.5237,83.9442,10,480,521,30,30,741,3,1,13,13,0,0,0,0,0,0,0,0,0,0,450,301,300,917,1400002C000A01E002091E1E02E50301000D000D0000000000000000000000000000000001C2012D012C0395
1,1,31,0,115,38876,0,0,0,1,0,2026 AUG 10 23:59:08,2026 AUG 11 00:11:39,2026 AUG 10 23:59:18,2026 AUG 11 00:11:39,N/A,N/A,2026 AUG 11 00:06:38,2026 AUG 11 00:11:39,2026 AUG 11 00:11:09,-78.7029,-10.0727,2026 AUG 11 00:07:08,-77.8409,-40.4848,2026 AUG 11 00:07:49,-26.3246,2352,22.8464,333.7781,29.5794,N/A,54.5237,83.9442,10,480,521,30,30,741,3,1,13,13,0,0,0,0,0,0,0,0,0,0,450,301,300,917,1400002C000A01E002091E1E02E50301000D000D0000000000000000000000000000000001C2012D012C0395
1,1,32,0,117,38878,0,0,0,1,0,2026 AUG 11 03:54:54,2026 AUG 11 04:07:27,2026 AUG 11 03:55:04,2026 AUG 11 04:07:27,N/A,N/A,2026 AUG 11 04:02:24,2026 AUG 11 04:07:27,2026 AUG 11 04:06:57,-78.7891,-68.5373,2026 AUG 11 04:02:54,-77.3387,-98.969,2026 AUG 11 04:03:35,-26.7759,2347,22.7719,333.8671,29.7687,N/A,54.886,84.4947,10,480,521,30,30,743,3,1,13,13,0,0,0,0,0,0,0,0,0,0,450,303,300,921,1400002C000A01E002091E1E02E70301000D000D0000000000000000000000000000000001C2012F012C0399
1,1,33,0,120,38881,0,0,0,1,0,2026 AUG 11 09:48:36,2026 AUG 11 10:01:10,2026 AUG 11 09:48:46,2026 AUG 11 10:01:10,N/A,N/A,2026 AUG 11 09:56:06,2026 AUG 11 10:01:10,2026 AUG 11 10:00:40,-78.8943,-155.8406,2026 AUG 11 09:56:36,-77.0475,173.2962,2026 AUG 11 09:57:18,-27.4945,2339,22.6606,334.0006,29.8633,N/A,55.0671,84.7699,10,480,522,30,30,744,3,1,13,13,0,0,0,0,0,0,0,0,0,0,450,304,300,924,1400002C000A01E0020A1E1E02E80301000D000D0000000000000000000000000000000001C20130012C039C
1,1,34,0,123,38884,0,0,0,1,0,2026 AUG 11 15:42:21,2026 AUG 11 15:54:58,2026 AUG 11 15:42:31,2026 AUG 11 15:54:58,N/A,N/A,2026 AUG 11 15:49:51,2026 AUG 11 15:54:58,2026 AUG 11 15:54:28,-78.999,116.6794,2026 AUG 11 15:50:21,-77.0862,84.6667,2026 AUG 11 15:51:03,-28.1923,2330,22.4903,334.134,30.1473,N/A,55.6106,85.5956,10,480,522,30,30,747,3,1,13,13,0,0,0,0,0,0,0,0,0,0,450,307,300,930,1400002C000A01E0020A1E1E02EB0301000D000D0000000000000000000000000000000001C20133012C03A2
1,1,35,0,126,38887,0,0,0,1,0,2026 AUG 11 21:36:02,2026 AUG 11 21:48:40,2026 AUG 11 21:36:12,2026 AUG 11 21:48:40,N/A,N/A,2026 AUG 11 21:43:32,2026 AUG 11 21:48:40,2026 AUG 11 21:48:10,-79.0905,29.4298,2026 AUG 11 21:44:02,-77.3033,-3.9151,2026 AUG 11 21:44:44,-28.9066,2321,22.3219,334.2674,30.2419,N/A,55.7917,85.8709,10,480,522,30,30,748,3,1,13,13,0,0,0,0,0,0,0,0,0,0,450,308,300,932,1400002C000A01E0020A1E1E02EC0301000D000D0000000000000000000000000000000001C20134012C03A4
1,1,36,0,128,38889,0,0,0,1,0,2026 AUG 12 01:31:54,2026 AUG 12 01:44:34,2026 AUG 12 01:32:04,2026 AUG 12 01:44:34,N/A,N/A,2026 AUG 12 01:39:24,2026 AUG 12 01:44:34,2026 AUG 12 01:44:04,-79.164,-29.3461,2026 AUG 12 01:39:54,-77.2175,-63.2765,2026 AUG 12 01:40:36,-29.3797,2314,22.1906,334.3563,30.4312,N/A,56.154,86.4213,10,480,522,30,30,750,3,1,13,13,0,0,0,0,0,0,0,0,0,0,450,310,300,936,1400002C000A01E0020A1E1E02EE0301000D000D0000000000000000000000000000000001C20136012C03A8
1,1,37,0,129,38890,0,0,0,1,0,2026 AUG 12 03:29:46,2026 AUG 12 03:42:27,2026 AUG 12 03:29:56,2026 AUG 12 03:42:27,N/A,N/A,2026 AUG 12 03:37:16,2026 AUG 12 03:42:27,2026 AUG 12 03:41:57,-79.1983,-58.7181,2026 AUG 12 03:37:46,-76.5021,-91.4463,2026 AUG 12 03:38:29,-29.6049,2312,22.2247,334.4007,30.5258,N/A,56.3351,86.6966,10,480,523,30,30,751,3,1,13,13,0,0,0,0,0,0,0,0,0,0,450,311,300,939,1400002C000A01E0020B1E1E02EF0301000D000D0000000000000000000000000000000001C20137012C03AB
1,1,38,0,132,38893,0,0,0,1,0,2026 AUG 12 09:23:26,2026 AUG 12 09:36:08,2026 AUG 12 09:23:36,2026 AUG 12 09:36:08,N/A,N/A,2026 AUG 12 09:30:56,2026 AUG 12 09:36:08,2026 AUG 12 09:35:38,-79.279,-146.1174,2026 AUG 12 09:31:26,-76.2742,-179.1435,2026 AUG 12 09:32:09,-30.3114,2302,22.115,334.534,30.6205,N/A,56.5163,86.9718,10,480,523,30,30,752,3,1,13,13,0,0,0,0,0,0,0,0,0,0,450,312,300,941,1400002C000A01E0020B1E1E02F00301000D000D0000000000000000000000000000000001C20138012C03AD
1,1,39,0,137,38898,0,0,0,1,0,2026 AUG 12 19:12:55,2026 AUG 12 19:25:41,2026 AUG 12 19:13:05,2026 AUG 12 19:25:41,N/A,N/A,2026 AUG 12 19:20:25,2026 AUG 12 19:25:41,2026 AUG 12 19:25:11,-79.4034,67.9009,2026 AUG 12 19:20:55,-76.038,33.8559,2026 AUG 12 19:21:39,-31.4748,2285,21.8775,334.7559,30.9991,N/A,57.2408,88.0728,10,480,524,30,30,756,3,1,13,13,0,0,0,0,0,0,0,0,0,0,450,316,300,950,1400002C000A01E0020C1E1E02F40301000D000D0000000000000000000000000000000001C2013C012C03B6
1,1,40,0,138,38899,0,0,0,1,0,2026 AUG 12 21:10:52,2026 AUG 12 21:23:39,2026 AUG 12 21:11:02,2026 AUG 12 21:23:39,N/A,N/A,2026 AUG 12 21:18:22,2026 AUG 12 21:23:39,2026 AUG 12 21:23:09,-79.4221,39.0868,2026 AUG 12 21:18:52,-76.8111,2.5217,2026 AUG 12 21:19:36,-31.7225,2281,21.7017,334.8003,31.0937,N/A,57.422,88.348,10,480,524,30,30,757,3,1,13,13,0,0,0,0,0,0,0,0,0,0,450,317,300,952,1400002C000A01E0020C1E1E02F50301000D000D0000000000000000000000000000000001C2013D012C03B8
1,1,41,0,140,38901,0,0,0,1,0,2026 AUG 13 01:06:44,2026 AUG 13 01:19:33,2026 AUG 13 01:06:54,2026 AUG 13 01:19:33,N/A,N/A,2026 AUG 13 01:14:14,2026 AUG 13 01:19:33,2026 AUG 13 01:19:03,-79.4685,-19.8043,2026 AUG 13 01:14:44,-75.686,-54.005,2026 AUG 13 01:15:29,-32.2023,2274,21.7594,334.8891,31.283,N/A,57.7843,88.8985,10,480,525,30,30,759,3,1,13,13,0,0,0,0,0,0,0,0,0,0,450,319,300,957,1400002C000A01E0020D1E1E02F70301000D000D0000000000000000000000000000000001C2013F012C03BD
1,1,42,0,143,38904,0,0,0,1,0,2026 AUG 13 07:00:22,2026 AUG 13 07:13:13,2026 AUG 13 07:00:32,2026 AUG 13 07:13:13,N/A,N/A,2026 AUG 13 07:07:52,2026 AUG 13 07:13:13,2026 AUG 13 07:12:43,-79.5253,-107.2003,2026 AUG 13 07:08:22,-76.2187,-143.9009,2026 AUG 13 07:09:06,-32.8867,2264,21.5028,335.0221,31.4723,N/A,58.1465,89.449,10,480,524,30,30,761,3,1,13,13,0,0,0,0,0,0,0,0,0,0,450,321,300,960,1400002C000A01E0020C1E1E02F90301000D000D0000000000000000000000000000000001C20141012C03C0
1,1,43,0,145,38906,0,0,0,1,0,2026 AUG 13 10:56:11,2026 AUG 13 11:09:03,2026 AUG 13 10:56:21,2026 AUG 13 11:09:03,N/A,N/A,2026 AUG 13 11:03:41,2026 AUG 13 11:09:03,2026 AUG 13 11:08:33,-79.5589,-165.9393,2026 AUG 13 11:04:11,-75.6094,158.5951,2026 AUG 13 11:04:56,-33.3733,2255,21.4944,335.1108,31.5669,N/A,58.3277,89.7242,10,480,525,30,30,762,3,1,13,13,0,0,0,0,0,0,0,0,0,0,450,322,300,963,1400002C000A01E0020D1E1E02FA0301000D000D0000000000000000000000000000000001C20142012C03C3
1,1,44,0,147,38908,0,0,0,1,0,2026 AUG 13 14:52:02,2026 AUG 13 15:04:58,2026 AUG 13 14:52:12,2026 AUG 13 15:04:58,N/A,N/A,2026 AUG 13 14:59:32,2026 AUG 13 15:04:58,2026 AUG 13 15:04:28,-79.5909,135.9229,2026 AUG 13 15:00:02,-75.2594,100.4235,2026 AUG 13 15:00:48,-33.8493,2248,21.4422,335.1995,31.9455,N/A,59.0522,90.8251,10,480,526,30,30,766,3,1,13,13,0,0,0,0,0,0,0,0,0,0,450,326,300,972,1400002C000A01E0020E1E1E02FE0301000D000D0000000000000000000000000000000001C20146012C03CC
1,1,45,0,148,38909,0,0,0,1,0,2026 AUG 13 16:49:54,2026 AUG 13 17:02:50,2026 AUG 13 16:50:04,2026 AUG 13 17:02:50,N/A,N/A,2026 AUG 13 16:57:24,2026 AUG 13 17:02:50,2026 AUG 13 17:02:20,-79.6034,106.4871,2026 AUG 13 16:57:54,-75.372,70.4528,2026 AUG 13 16:58:40,-34.0715,2244,21.3564,335.2437,31.9455,N/A,59.0522,90.8251,10,480,526,30,30,766,3,1,13,13,0,0,0,0,0,0,0,0,0,0,450,326,300,972,1400002C000A01E0020E1E1E02FE0301000D000D0000000000000000000000000000000001C20146012C03CC
1,1,46,0,150,38911,0,0,0,1,0,2026 AUG 13 20:45:38,2026 AUG 13 20:58:35,2026 AUG 13 20:45:48,2026 AUG 13 20:58:35,N/A,N/A,2026 AUG 13 20:53:08,2026 AUG 13 20:58:35,2026 AUG 13 20:58:05,-79.63,48.1923,2026 AUG 13 20:53:38,-75.7234,10.2967,2026 AUG 13 20:54:23,-34.5415,2236,21.1697,335.3323,32.0401,N/A,59.2334,91.1004,10,480,525,30,30,767,3,1,13,13,0,0,0,0,0,0,0,0,0,0,450,327,300,973,1400002C000A01E0020D1E1E02FF0301000D000D0000000000000000000000000000000001C20147012C03CD
1,1,47,0,153,38914,0,0,0,1,0,2026 AUG 14 02:39:25,2026 AUG 14 02:52:26,2026 AUG 14 02:39:35,2026 AUG 14 02:52:26,N/A,N/A,2026 AUG 14 02:46:55,2026 AUG 14 02:52:26,2026 AUG 14 02:51:56,-79.6537,-40.0021,2026 AUG 14 02:47:25,-74.4412,-74.9046,2026 AUG 14 02:48:12,-35.2609,2223,21.2286,335.4652,32.4187,N/A,59.958,92.2013,10,480,527,30,30,771,3,1,13,13,0,0,0,0,0,0,0,0,0,0,450,331,300,728,1400002C000A01E0020F1E1E03030301000D000D0000000000000000000000000000000001C2014B012C02D8
1,1,48,0,155,38916,0,0,0,1,0,2026 AUG 14 06:35:10,2026 AUG 14 06:48:13,2026 AUG 14 06:35:20,2026 AUG 14 06:48:13,N/A,N/A,2026 AUG 14 06:42:40,2026 AUG 14 06:48:13,2026 AUG 14 06:47:43,-79.6761,-98.0814,2026 AUG 14 06:43:10,-74.9503,-135.5352,2026 AUG 14 06:43:56,-35.7162,2215,21.0108,335.5537,32.608,N/A,60.3202,92.7518,10,480,526,30,30,773,3,1,13,13,0,0,0,0,0,0,0,0,0,0,450,333,300,731,1400002C000A01E0020E1E1E03050301000D000D0000000000000000000000000000000001C2014D012C02DB
1,1,49,0,156,38917,0,0,0,1,0,2026 AUG 14 08:33:02,2026 AUG 14 08:46:05,2026 AUG 14 08:33:12,2026 AUG 14 08:46:05,N/A,N/A,2026 AUG 14 08:40:32,2026 AUG 14 08:46:05,2026 AUG 14 08:45:35,-79.6775,-127.5532,2026 AUG 14 08:41:02,-74.1819,-162.5352,2026 AUG 14 08:41:49,-35.9502,2211,21.1228,335.598,32.608,N/A,60.3202,92.7518,10,480,527,30,30,773,3,1,13,13,0,0,0,0,0,0,0,0,0,0,450,333,300,732,1400002C000A01E0020F1E1E03050301000D000D0000000000000000000000000000000001C2014D012C02DC
1,1,50,0,158,38919,0,0,0,1,0,2026 AUG 14 12:28:53,2026 AUG 14 12:41:58,2026 AUG 14 12:29:03,2026 AUG 14 12:41:58,N/A,N/A,2026 AUG 14 12:36:23,2026 AUG 14 12:41:58,2026 AUG 14 12:41:28,-79.6847,173.8558,2026 AUG 14 12:36:53,-74.2051,138.0256,2026 AUG 14 12:37:40,-36.4417,2200,20.9861,335.6865,32.7973,N/A,60.6825,93.3023,10,480,527,30,30,775,3,1,13,13,0,0,0,0,0,0,0,0,0,0,450,335,300,736,1400002C000A01E0020F1E1E03070301000D000D0000000000000000000000000000000001C2014F012C02E0
1,1,51,0,160,38921,0,0,0,1,0,2026 AUG 14 16:24:42,2026 AUG 14 16:37:50,2026 AUG 14 16:24:52,2026 AUG 14 16:37:50,N/A,N/A,2026 AUG 14 16:32:12,2026 AUG 14 16:37:50,2026 AUG 14 16:37:20,-79.6956,115.5451,2026 AUG 14 16:32:42,-74.0314,79.3545,2026 AUG 14 16:33:30,-36.9061,2191,20.9,335.775,33.0812,N/A,61.226,94.128,10,480,528,30,30,778,3,1,13,13,0,0,0,0,0,0,0,0,0,0,450,338,300,743,1400002C000A01E002101E1E030A0301000D000D0000000000000000000000000000000001C20152012C02E7
1,1,52,0,162,38923,0,0,0,1,0,2026 AUG 14 20:20:23,2026 AUG 14 20:33:33,2026 AUG 14 20:20:33,2026 AUG 14 20:33:33,N/A,N/A,2026 AUG 14 20:27:53,2026 AUG 14 20:33:33,2026 AUG 14 20:33:03,-79.6965,57.0382,2026 AUG 14 20:28:23,-73.5709,21.7536,2026 AUG 14 20:29:11,-37.3602,2183,20.8831,335.8634,33.2705,N/A,61.5882,94.6785,10,480,528,30,30,780,3,1,13,13,0,0,0,0,0,0,0,0,0,0,450,340,300,747,1400002C000A01E002101E1E030C0301000D000D0000000000000000000000000000000001C20154012C02EB
1,1,53,0,163,38924,0,0,0,1,0,2026 AUG 14 22:18:19,2026 AUG 14 22:31:30,2026 AUG 14 22:18:29,2026 AUG 14 22:31:30,N/A,N/A,2026 AUG 14 22:25:49,2026 AUG 14 22:31:30,2026 AUG 14 22:31:00,-79.7029,27.985,2026 AUG 14 22:26:19,-73.3992,-7.1047,2026 AUG 14 22:27:08,-37.6062,2178,20.8725,335.9077,33.3651,N/A,61.7694,94.9537,10,480,529,30,30,781,3,1,13,13,0,0,0,0,0,0,0,0,0,0,450,341,300,750,1400002C000A01E002111E1E030D0301000D000D0000000000000000000000000000000001C20155012C02EE
1,1,54,0,165,38926,0,0,0,1,0,2026 AUG 15 02:14:10,2026 AUG 15 02:27:23,2026 AUG 15 02:14:20,2026 AUG 15 02:27:23,N/A,N/A,2026 AUG 15 02:21:40,2026 AUG 15 02:27:23,2026 AUG 15 02:26:53,-79.6787,-31.086,2026 AUG 15 02:22:10,-73.0979,-65.8139,2026 AUG 15 02:22:59,-38.0862,2167,20.7842,335.9961,33.5544,N/A,62.1317,95.5042,10,480,529,30,30,783,3,1,13,13,0,0,0,0,0,0,0,0,0,0,450,343,300,754,1400002C000A01E002111E1E030F0301000D000D0000000000000000000000000000000001C20157012C02F2
1,1,55,0,167,38928,0,0,0,1,0,2026 AUG 15 06:09:54,2026 AUG 15 06:23:10,2026 AUG 15 06:10:04,2026 AUG 15 06:23:10,N/A,N/A,2026 AUG 15 06:17:24,2026 AUG 15 06:23:10,2026 AUG 15 06:22:40,-79.6781,-89.3744,2026 AUG 15 06:17:54,-73.3758,-126.2211,2026 AUG 15 06:18:43,-38.5408,2159,20.5811,336.0844,33.8383,N/A,62.6751,96.3299,10,480,529,30,30,786,3,1,13,13,0,0,0,0,0,0,0,0,0,0,450,346,300,760,1400002C000A01E002111E1E03120301000D000D0000000000000000000000000000000001C2015A012C02F8
1,1,56,0,168,38929,0,0,0,1,0,2026 AUG 15 08:07:46,2026 AUG 15 08:21:02,2026 AUG 15 08:07:56,2026 AUG 15 08:21:02,N/A,N/A,2026 AUG 15 08:15:16,2026 AUG 15 08:21:02,2026 AUG 15 08:20:32,-79.6759,-118.5346,2026 AUG 15 08:15:46,-73.3008,-155.3511,2026 AUG 15 08:16:35,-38.7704,2154,20.5511,336.1286,33.8383,N/A,62.6751,96.3299,10,480,529,30,30,786,3,1,13,13,0,0,0,0,0,0,0,0,0,0,450,346,300,760,1400002C000A01E002111E1E03120301000D000D0000000000000000000000000000000001C2015A012C02F8
1,1,57,0,170,38931,0,0,0,1,0,2026 AUG 15 12:03:34,2026 AUG 15 12:16:52,2026 AUG 15 12:03:44,2026 AUG 15 12:16:52,N/A,N/A,2026 AUG 15 12:11:04,2026 AUG 15 12:16:52,2026 AUG 15 12:16:22,-79.6433,-177.4286,2026 AUG 15 12:11:34,-72.5457,147.9262,2026 AUG 15 12:12:24,-39.2575,2142,20.5947,336.217,34.0276,N/A,63.0374,96.8804,10,480,530,30,30,788,3,1,13,13,0,0,0,0,0,0,0,0,0,0,450,348,300,765,1400002C000A01E002121E1E03140301000D000D0000000000000000000000000000000001C2015C012C02FD
1,1,58,0,174,38935,0,0,0,1,0,2026 AUG 15 19:55:04,2026 AUG 15 20:08:28,2026 AUG 15 19:55:14,2026 AUG 15 20:08:28,N/A,N/A,2026 AUG 15 20:02:34,2026 AUG 15 20:08:28,2026 AUG 15 20:07:58,-79.6062,65.6892,2026 AUG 15 20:03:04,-72.0872,30.7882,2026 AUG 15 20:03:55,-40.181,2121,20.4342,336.3936,34.5955,N/A,64.1242,98.5318,10,480,531,30,30,794,3,1,13,13,0,0,0,0,0,0,0,0,0,0,450,354,300,778,1400002C000A01E002131E1E031A0301000D000D0000000000000000000000000000000001C20162012C030A
1,1,59,0,175,38936,0,0,0,1,0,2026 AUG 15 21:52:58,2026 AUG 15 22:06:23,2026 AUG 15 21:53:08,2026 AUG 15 22:06:23,N/A,N/A,2026 AUG 15 22:00:28,2026 AUG 15 22:06:23,2026 AUG 15 22:05:53,-79.6024,36.6016,2026 AUG 15 22:00:58,-71.8331,2.2809,2026 AUG 15 22:01:49,-40.4249,2115,20.4461,336.4377,34.6901,N/A,64.3054,98.807,10,480,531,30,30,795,3,1,13,13,0,0,0,0,0,0,0,0,0,0,450,355,300,780,1400002C000A01E002131E1E031B0301000D000D0000000000000000000000000000000001C20163012C030C
1,1,60,0,177,38938,0,0,0,1,0,2026 AUG 16 01:48:50,2026 AUG 16 02:02:18,2026 AUG 16 01:49:00,2026 AUG 16 02:02:18,N/A,N/A,2026 AUG 16 01:56:20,2026 AUG 16 02:02:18,2026 AUG 16 02:01:48,-79.5597,-22.1474,2026 AUG 16 01:56:50,-71.4236,-55.8784,2026 AUG 16 01:57:42,-40.9091,2103,20.395,336.526,34.974,N/A,64.8488,99.6328,10,480,532,30,30,798,3,1,13,13,0,0,0,0,0,0,0,0,0,0,450,358,300,787,1400002C000A01E002141E1E031E0301000D000D0000000000000000000000000000000001C20166012C0313
1,1,61,0,180,38941,0,0,0,1,0,2026 AUG 16 07:42:26,2026 AUG 16 07:55:59,2026 AUG 16 07:42:36,2026 AUG 16 07:55:59,N/A,N/A,2026 AUG 16 07:49:56,2026 AUG 16 07:55:59,2026 AUG 16 07:55:29,-79.5166,-109.7447,2026 AUG 16 07:50:26,-70.9802,-143.3571,2026 AUG 16 07:51:19,-41.5998,2087,20.2992,336.6583,35.4472,N/A,65.7545,101.0089,10,480,533,30,30,803,3,1,13,13,0,0,0,0,0,0,0,0,0,0,450,363,300,798,1400002C000A01E002151E1E03230301000D000D0000000000000000000000000000000001C2016B012C031E
1,1,62,0,182,38943,0,0,0,1,0,2026 AUG 16 11:38:12,2026 AUG 16 11:51:47,2026 AUG 16 11:38:22,2026 AUG 16 11:51:47,N/A,N/A,2026 AUG 16 11:45:42,2026 AUG 16 11:51:47,2026 AUG 16 11:51:17,-79.4498,-168.6068,2026 AUG 16 11:46:12,-70.5482,158.6659,2026 AUG 16 11:47:05,-42.0787,2072,20.2586,336.7465,35.6365,N/A,66.1168,101.5594,10,480,533,30,30,805,3,1,13,13,0,0,0,0,0,0,0,0,0,0,450,365,300,802,1400002C000A01E002151E1E03250301000D000D0000000000000000000000000000000001C2016D012C0322
1,1,63,0,186,38947,0,0,0,1,0,2026 AUG 16 19:29:43,2026 AUG 16 19:43:24,2026 AUG 16 19:29:53,2026 AUG 16 19:43:24,N/A,N/A,2026 AUG 16 19:37:13,2026 AUG 16 19:43:24,2026 AUG 16 19:42:54,-79.3536,74.4123,2026 AUG 16 19:37:43,-70.0695,41.4079,2026 AUG 16 19:38:37,-43.0107,2048,20.0903,336.9228,36.2044,N/A,67.2036,103.2108,10,480,534,30,30,811,3,1,13,13,0,0,0,0,0,0,0,0,0,0,450,371,300,815,1400002C000A01E002161E1E032B0301000D000D0000000000000000000000000000000001C20173012C032F
1,1,64,0,188,38949,0,0,0,1,0,2026 AUG 16 23:25:30,2026 AUG 16 23:39:14,2026 AUG 16 23:25:40,2026 AUG 16 23:39:14,N/A,N/A,2026 AUG 16 23:33:00,2026 AUG 16 23:39:14,2026 AUG 16 23:38:44,-79.3281,16.2615,2026 AUG 16 23:33:30,-69.8407,-16.9555,2026 AUG 16 23:34:25,-43.4881,2034,20.0242,337.0109,36.4883,N/A,67.7471,104.0366,10,480,535,30,30,814,3,1,13,13,0,0,0,0,0,0,0,0,0,0,450,374,300,822,1400002C000A01E002171E1E032E0301000D000D0000000000000000000000000000000001C20176012C0336
1,1,65,0,191,38952,0,0,0,1,0,2026 AUG 17 05:19:09,2026 AUG 17 05:32:59,2026 AUG 17 05:19:19,2026 AUG 17 05:32:59,N/A,N/A,2026 AUG 17 05:26:39,2026 AUG 17 05:32:59,2026 AUG 17 05:32:29,-79.1757,-72.1464,2026 AUG 17 05:27:09,-68.9971,-103.8122,2026 AUG 17 05:28:05,-44.1981,2013,19.9706,337.1431,37.0561,N/A,68.8339,105.688,10,480,536,30,30,820,3,1,13,13,0,0,0,0,0,0,0,0,0,0,450,380,300,835,1400002C000A01E002181E1E03340301000D000D0000000000000000000000000000000001C2017C012C0343
1,1,66,0,192,38953,0,0,0,1,0,2026 AUG 17 07:17:00,2026 AUG 17 07:30:52,2026 AUG 17 07:17:10,2026 AUG 17 07:30:52,N/A,N/A,2026 AUG 17 07:24:30,2026 AUG 17 07:30:52,2026 AUG 17 07:30:22,-79.183,-100.9611,2026 AUG 17 07:25:00,-69.0366,-133.5232,2026 AUG 17 07:25:56,-44.4235,2007,19.9014,337.1871,37.2454,N/A,69.1962,106.2385,10,480,536,30,30,822,3,1,13,13,0,0,0,0,0,0,0,0,0,0,450,382,300,839,1400002C000A01E002181E1E03360301000D000D0000000000000000000000000000000001C2017E012C0347
1,1,67,0,195,38956,0,0,0,1,0,2026 AUG 17 13:10:38,2026 AUG 17 13:24:33,2026 AUG 17 13:10:48,2026 AUG 17 13:24:33,N/A,N/A,2026 AUG 17 13:18:08,2026 AUG 17 13:24:33,2026 AUG 17 13:24:03,-79.0248,170.8287,2026 AUG 17 13:18:38,-68.3443,139.7047,2026 AUG 17 13:19:35,-45.1387,1983,19.8533,337.3191,37.5294,N/A,69.7396,107.0642,10,480,537,30,30,825,3,1,13,13,0,0,0,0,0,0,0,0,0,0,450,385,300,846,1400002C000A01E002191E1E03390301000D000D0000000000000000000000000000000001C20181012C034E
1,1,68,0,197,38958,0,0,0,1,0,2026 AUG 17 17:06:26,2026 AUG 17 17:20:26,2026 AUG 17 17:06:36,2026 AUG 17 17:20:26,N/A,N/A,2026 AUG 17 17:13:56,2026 AUG 17 17:20:26,2026 AUG 17 17:19:56,-78.9929,112.7634,2026 AUG 17 17:14:26,-68.1498,80.7656,2026 AUG 17 17:15:24,-45.6123,1969,19.7492,337.4071,38.0026,N/A,70.6453,108.4404,10,480,538,30,30,830,3,1,13,13,0,0,0,0,0,0,0,0,0,0,450,390,300,857,1400002C000A01E0021A1E1E033E0301000D000D0000000000000000000000000000000001C20186012C0359
1,1,69,0,198,38959,0,0,0,1,0,2026 AUG 17 19:04:15,2026 AUG 17 19:18:17,2026 AUG 17 19:04:25,2026 AUG 17 19:18:17,N/A,N/A,2026 AUG 17 19:11:45,2026 AUG 17 19:18:17,2026 AUG 17 19:17:47,-78.9382,83.4151,2026 AUG 17 19:12:15,-67.7325,52.6157,2026 AUG 17 19:13:13,-45.8345,1962,19.7836,337.4511,38.1919,N/A,71.0076,108.9908,10,480,538,30,30,832,3,1,13,13,0,0,0,0,0,0,0,0,0,0,450,392,300,861,1400002C000A01E0021A1E1E03400301000D000D0000000000000000000000000000000001C20188012C035D
1,1,70,0,201,38962,0,0,0,1,0,2026 AUG 18 00:57:53,2026 AUG 18 01:12:01,2026 AUG 18 00:58:03,2026 AUG 18 01:12:01,N/A,N/A,2026 AUG 18 01:05:23,2026 AUG 18 01:12:01,2026 AUG 18 01:11:31,-78.8349,-4.067,2026 AUG 18 01:05:53,-66.9901,-33.7618,2026 AUG 18 01:06:53,-46.5444,1937,19.7617,337.583,38.7597,N/A,72.0945,110.6423,10,480,540,30,30,838,3,1,13,13,0,0,0,0,0,0,0,0,0,0,450,398,300,875,1400002C000A01E0021C1E1E03460301000D000D0000000000000000000000000000000001C2018E012C036B
1,1,71,0,203,38964,0,0,0,1,0,2026 AUG 18 04:53:38,2026 AUG 18 05:07:50,2026 AUG 18 04:53:48,2026 AUG 18 05:07:50,N/A,N/A,2026 AUG 18 05:01:08,2026 AUG 18 05:07:50,2026 AUG 18 05:07:20,-78.65,-63.2445,2026 AUG 18 05:01:38,-66.4211,-92.0825,2026 AUG 18 05:02:39,-47.0197,1919,19.6981,337.671,39.1383,N/A,72.819,111.7432,10,480,541,30,30,842,3,1,13,13,0,0,0,0,0,0,0,0,0,0,450,402,300,884,1400002C000A01E0021D1E1E034A0301000D000D0000000000000000000000000000000001C20192012C0374
1,1,72,0,204,38965,0,0,0,1,0,2026 AUG 18 06:51:29,2026 AUG 18 07:05:43,2026 AUG 18 06:51:39,2026 AUG 18 07:05:43,N/A,N/A,2026 AUG 18 06:58:59,2026 AUG 18 07:05:43,2026 AUG 18 07:05:13,-78.629,-92.2471,2026 AUG 18 06:59:29,-66.5766,-122.7099,2026 AUG 18 07:00:29,-47.247,1912,19.5681,337.7149,39.3276,N/A,73.1813,112.2937,10,480,540,30,30,844,3,1,13,13,0,0,0,0,0,0,0,0,0,0,450,404,300,887,1400002C000A01E0021C1E1E034C0301000D000D0000000000000000000000000000000001C20194012C0377
1,1,73,0,209,38970,0,0,0,1,0,2026 AUG 18 16:40:51,2026 AUG 18 16:55:17,2026 AUG 18 16:41:01,2026 AUG 18 16:55:17,N/A,N/A,2026 AUG 18 16:48:21,2026 AUG 18 16:55:17,2026 AUG 18 16:54:47,-78.4232,122.0587,2026 AUG 18 16:48:51,-65.2329,93.4155,2026 AUG 18 16:49:54,-48.4359,1867,19.5369,337.9345,40.4633,N/A,75.355,115.5966,10,480,543,30,30,856,3,1,13,13,0,0,0,0,0,0,0,0,0,0,450,416,300,914,1400002C000A01E0021F1E1E03580301000D000D0000000000000000000000000000000001C201A0012C0392
1,1,74,0,211,38972,0,0,0,1,0,2026 AUG 18 20:36:28,2026 AUG 18 20:50:58,2026 AUG 18 20:36:38,2026 AUG 18 20:50:58,N/A,N/A,2026 AUG 18 20:43:58,2026 AUG 18 20:50:58,2026 AUG 18 20:50:28,-78.2637,63.3704,2026 AUG 18 20:44:28,-64.5621,36.124,2026 AUG 18 20:45:32,-48.8832,1850,19.5397,338.0223,40.8418,N/A,76.0796,116.6975,10,480,544,30,30,860,3,1,13,13,0,0,0,0,0,0,0,0,0,0,450,420,300,923,1400002C000A01E002201E1E035C0301000D000D0000000000000000000000000000000001C201A4012C039B
1,1,75,0,214,38975,0,0,0,1,0,2026 AUG 19 02:30:07,2026 AUG 19 02:44:45,2026 AUG 19 02:30:17,2026 AUG 19 02:44:45,N/A,N/A,2026 AUG 19 02:37:37,2026 AUG 19 02:44:45,2026 AUG 19 02:44:15,-78.1137,-24.0609,2026 AUG 19 02:38:07,-63.8664,-51.0973,2026 AUG 19 02:39:13,-49.5984,1818,19.4619,338.154,41.599,N/A,77.5287,118.8994,10,480,546,30,30,868,3,1,13,13,0,0,0,0,0,0,0,0,0,0,450,428,300,941,1400002C000A01E002221E1E03640301000D000D0000000000000000000000000000000001C201AC012C03AD
1,1,76,0,215,38976,0,0,0,1,0,2026 AUG 19 04:27:58,2026 AUG 19 04:42:38,2026 AUG 19 04:28:08,2026 AUG 19 04:42:38,N/A,N/A,2026 AUG 19 04:35:28,2026 AUG 19 04:42:38,2026 AUG 19 04:42:08,-77.9658,-53.7467,2026 AUG 19 04:35:58,-63.4956,-80.1357,2026 AUG 19 04:37:05,-49.8389,1807,19.4378,338.1979,41.7883,N/A,77.891,119.4499,10,480,547,30,30,870,3,1,13,13,0,0,0,0,0,0,0,0,0,0,450,430,300,946,1400002C000A01E002231E1E03660301000D000D0000000000000000000000000000000001C201AE012C03B2
1,1,77,0,217,38978,0,0,0,1,0,2026 AUG 19 08:23:38,2026 AUG 19 08:38:24,2026 AUG 19 08:23:48,2026 AUG 19 08:38:24,N/A,N/A,2026 AUG 19 08:31:08,2026 AUG 19 08:38:24,2026 AUG 19 08:37:54,-77.9089,-111.6989,2026 AUG 19 08:31:38,-63.4225,-140.107,2026 AUG 19 08:32:45,-50.2927,1789,19.2625,338.2856,42.3561,N/A,78.9779,121.1013,10,480,547,30,30,876,3,1,13,13,0,0,0,0,0,0,0,0,0,0,450,436,300,958,1400002C000A01E002231E1E036C0301000D000D0000000000000000000000000000000001C201B4012C03BE
1,1,78,0,220,38981,0,0,0,1,0,2026 AUG 19 14:17:12,2026 AUG 19 14:32:04,2026 AUG 19 14:17:22,2026 AUG 19 14:32:04,N/A,N/A,2026 AUG 19 14:24:42,2026 AUG 19 14:32:04,2026 AUG 19 14:31:34,-77.6019,160.2308,2026 AUG 19 14:25:12,-62.4479,133.4339,2026 AUG 19 14:26:21,-51.0055,1754,19.2342,338.4172,42.924,N/A,80.0647,122.7527,10,480,549,30,30,882,3,1,13,13,0,0,0,0,0,0,0,0,0,0,450,442,300,972,1400002C000A01E002251E1E03720301000D000D0000000000000000000000000000000001C201BA012C03CC
1,1,79,0,225,38986,0,0,0,1,0,2026 AUG 20 00:06:24,2026 AUG 20 00:21:32,2026 AUG 20 00:06:34,2026 AUG 20 00:21:32,N/A,N/A,2026 AUG 20 00:13:54,2026 AUG 20 00:21:32,2026 AUG 20 00:21:02,-77.2995,14.7404,2026 AUG 20 00:14:24,-60.7927,-10.043,2026 AUG 20 00:15:37,-52.1617,1698,19.2272,338.6363,44.4382,N/A,82.963,127.1565,10,480,553,30,30,898,3,1,13,13,0,0,0,0,0,0,0,0,0,0,450,458,300,1008,1400002C000A01E002291E1E03820301000D000D0000000000000000000000000000000001C201CA012C03F0
1,1,80,0,226,38987,0,0,0,1,0,2026 AUG 20 02:04:18,2026 AUG 20 02:19:30,2026 AUG 20 02:04:28,2026 AUG 20 02:19:30,N/A,N/A,2026 AUG 20 02:11:48,2026 AUG 20 02:19:30,2026 AUG 20 02:19:00,-77.2458,-14.3245,2026 AUG 20 02:12:18,-60.6262,-39.8289,2026 AUG 20 02:13:31,-52.4022,1684,19.1539,338.6801,44.8168,N/A,83.6875,128.2575,10,480,553,30,30,902,3,1,13,13,0,0,0,0,0,0,0,0,0,0,450,462,300,1016,1400002C000A01E002291E1E03860301000D000D0000000000000000000000000000000001C201CE012C03F8
1,1,81,0,228,38989,0,0,0,1,0,2026 AUG 20 05:59:57,2026 AUG 20 06:15:17,2026 AUG 20 06:00:07,2026 AUG 20 06:15:17,N/A,N/A,2026 AUG 20 06:07:27,2026 AUG 20 06:15:17,2026 AUG 20 06:14:47,-76.9497,-73.2172,2026 AUG 20 06:07:57,-59.538,-96.6934,2026 AUG 20 06:09:12,-52.8789,1657,19.1858,338.7677,45.5739,N/A,85.1367,130.4594,10,480,555,30,30,910,3,1,13,13,0,0,0,0,0,0,0,0,0,0,450,470,300,1034,1400002C000A01E0022B1E1E038E0301000D000D0000000000000000000000000000000001C201D6012C040A
1,1,82,0,231,38992,0,0,0,1,0,2026 AUG 20 11:53:25,2026 AUG 20 12:08:54,2026 AUG 20 11:53:35,2026 AUG 20 12:08:54,N/A,N/A,2026 AUG 20 12:00:55,2026 AUG 20 12:08:54,2026 AUG 20 12:08:24,-76.7567,-160.3748,2026 AUG 20 12:01:25,-58.8238,175.8482,2026 AUG 20 12:02:42,-53.5582,1619,19.0892,338.899,46.4257,N/A,86.767,132.9365,10,480,557,30,30,919,3,1,13,13,0,0,0,0,0,0,0,0,0,0,450,479,300,1054,1400002C000A01E0022D1E1E03970301000D000D0000000000000000000000000000000001C201DF012C041E
1,1,83,0,232,38993,0,0,0,1,0,2026 AUG 20 13:51:16,2026 AUG 20 14:06:48,2026 AUG 20 13:51:26,2026 AUG 20 14:06:48,N/A,N/A,2026 AUG 20 13:58:46,2026 AUG 20 14:06:48,2026 AUG 20 14:06:18,-76.6126,170.2654,2026 AUG 20 13:59:16,-58.5691,146.0825,2026 AUG 20 14:00:34,-53.804,1604,19.0164,338.9427,46.7096,N/A,87.3104,133.7623,10,480,558,30,30,922,3,1,13,13,0,0,0,0,0,0,0,0,0,0,450,482,300,1061,1400002C000A01E0022E1E1E039A0301000D000D0000000000000000000000000000000001C201E2012C0425
1,1,84,0,236,38997,0,0,0,1,0,2026 AUG 20 21:42:32,2026 AUG 20 21:58:20,2026 AUG 20 21:42:42,2026 AUG 20 21:58:20,N/A,N/A,2026 AUG 20 21:50:02,2026 AUG 20 21:58:20,2026 AUG 20 21:57:50,-76.2611,53.8232,2026 AUG 20 21:50:32,-57.1482,30.2485,2026 AUG 20 21:51:53,-54.7306,1551,18.9392,339.1177,48.2239,N/A,90.2086,138.1661,10,480,561,30,30,938,3,1,13,13,0,0,0,0,0,0,0,0,0,0,450,498,300,1096,1400002C000A01E002311E1E03AA0301000D000D0000000000000000000000000000000001C201F2012C0448
1,1,85,0,238,38999,0,0,0,1,0,2026 AUG 21 01:38:12,2026 AUG 21 01:54:10,2026 AUG 21 01:38:22,2026 AUG 21 01:54:10,N/A,N/A,2026 AUG 21 01:45:42,2026 AUG 21 01:54:10,2026 AUG 21 01:53:40,-76.1154,-4.264,2026 AUG 21 01:46:12,-56.0694,-25.8829,2026 AUG 21 01:47:37,-55.201,1516,19.02,339.2051,49.1703,N/A,92.0201,140.9184,10,480,565,30,30,948,3,1,13,13,0,0,0,0,0,0,0,0,0,0,450,508,300,1120,1400002C000A01E002351E1E03B40301000D000D0000000000000000000000000000000001C201FC012C0460
1,1,86,0,239,39000,0,0,0,1,0,2026 AUG 21 03:36:03,2026 AUG 21 03:52:06,2026 AUG 21 03:36:13,2026 AUG 21 03:52:06,N/A,N/A,2026 AUG 21 03:43:33,2026 AUG 21 03:52:06,2026 AUG 21 03:51:36,-75.9753,-33.5297,2026 AUG 21 03:44:03,-55.6641,-55.235,2026 AUG 21 03:45:28,-55.4412,1498,18.975,339.2489,49.6436,N/A,92.9258,142.2946,10,480,565,30,30,953,3,1,13,13,0,0,0,0,0,0,0,0,0,0,450,513,300,875,1400002C000A01E002351E1E03B90301000D000D0000000000000000000000000000000001C20201012C036B
1,1,87,0,241,39002,0,0,0,1,0,2026 AUG 21 07:31:38,2026 AUG 21 07:47:51,2026 AUG 21 07:31:48,2026 AUG 21 07:47:51,N/A,N/A,2026 AUG 21 07:39:08,2026 AUG 21 07:47:51,2026 AUG 21 07:47:21,-75.6857,-92.0173,2026 AUG 21 07:39:38,-54.809,-113.7288,2026 AUG 21 07:41:05,-55.9126,1465,18.8972,339.3362,50.59,N/A,94.7372,145.047,10,480,567,30,30,963,3,1,13,13,0,0,0,0,0,0,0,0,0,0,450,523,300,897,1400002C000A01E002371E1E03C30301000D000D0000000000000000000000000000000001C2020B012C0381
1,1,88,0,243,39004,0,0,0,1,0,2026 AUG 21 11:27:13,2026 AUG 21 11:43:35,2026 AUG 21 11:27:23,2026 AUG 21 11:43:35,N/A,N/A,2026 AUG 21 11:34:43,2026 AUG 21 11:43:35,2026 AUG 21 11:43:05,-75.5286,-150.0425,2026 AUG 21 11:35:13,-54.0396,-171.3862,2026 AUG 21 11:36:43,-56.3556,1432,18.875,339.4236,51.4418,N/A,96.3675,147.5241,10,480,570,30,30,972,3,1,13,13,0,0,0,0,0,0,0,0,0,0,450,532,300,918,1400002C000A01E0023A1E1E03CC0301000D000D0000000000000000000000000000000001C20214012C0396
1,1,89,0,245,39006,0,0,0,1,0,2026 AUG 21 15:22:50,2026 AUG 21 15:39:23,2026 AUG 21 15:23:00,2026 AUG 21 15:39:23,N/A,N/A,2026 AUG 21 15:30:20,2026 AUG 21 15:39:23,2026 AUG 21 15:38:53,-75.2144,151.4792,2026 AUG 21 15:30:50,-52.8688,131.4519,2026 AUG 21 15:32:23,-56.8417,1392,18.8864,339.511,52.4828,N/A,98.36,150.5518,10,480,573,30,30,983,3,1,13,13,0,0,0,0,0,0,0,0,0,0,450,543,300,943,1400002C000A01E0023D1E1E03D70301000D000D0000000000000000000000000000000001C2021F012C03AF
1,1,90,0,247,39008,0,0,0,1,0,2026 AUG 21 19:18:29,2026 AUG 21 19:35:14,2026 AUG 21 19:18:39,2026 AUG 21 19:35:14,N/A,N/A,2026 AUG 21 19:25:59,2026 AUG 21 19:35:14,2026 AUG 21 19:34:44,-75.1183,93.6485,2026 AUG 21 19:26:29,-52.2244,72.5615,2026 AUG 21 19:28:04,-57.311,1358,18.7831,339.5983,53.6185,N/A,100.5337,153.8546,10,480,575,30,30,995,3,1,13,13,0,0,0,0,0,0,0,0,0,0,450,555,300,969,1400002C000A01E0023F1E1E03E30301000D000D0000000000000000000000000000000001C2022B012C03C9
1,1,91,0,250,39011,0,0,0,1,0,2026 AUG 22 01:11:46,2026 AUG 22 01:28:49,2026 AUG 22 01:11:56,2026 AUG 22 01:28:49,N/A,N/A,2026 AUG 22 01:19:16,2026 AUG 22 01:28:49,2026 AUG 22 01:28:19,-74.7498,6.3661,2026 AUG 22 01:19:46,-50.6064,-13.5343,2026 AUG 22 01:21:27,-57.9864,1295,18.7744,339.7292,55.3221,N/A,103.7943,158.8089,10,480,581,30,30,1013,3,1,13,13,0,0,0,0,0,0,0,0,0,0,450,573,300,1011,1400002C000A01E002451E1E03F50301000D000D0000000000000000000000000000000001C2023D012C03F3
1,1,92,0,252,39013,0,0,0,1,0,2026 AUG 22 05:07:20,2026 AUG 22 05:24:38,2026 AUG 22 05:07:30,2026 AUG 22 05:24:38,N/A,N/A,2026 AUG 22 05:14:50,2026 AUG 22 05:24:38,2026 AUG 22 05:24:08,-74.365,-52.148,2026 AUG 22 05:15:20,-49.3083,-71.6347,2026 AUG 22 05:17:05,-58.4673,1245,18.7225,339.8164,56.7417,N/A,106.5114,162.9375,10,480,585,30,30,1028,3,1,13,13,0,0,0,0,0,0,0,0,0,0,450,588,300,790,1400002C000A01E002491E1E04040301000D000D0000000000000000000000000000000001C2024C012C0316
1,1,93,0,255,39016,0,0,0,1,0,2026 AUG 22 11:00:33,2026 AUG 22 11:18:13,2026 AUG 22 11:00:43,2026 AUG 22 11:18:13,N/A,N/A,2026 AUG 22 11:08:03,2026 AUG 22 11:18:13,2026 AUG 22 11:17:43,-74.0599,-139.1421,2026 AUG 22 11:08:33,-47.5717,-157.7912,2026 AUG 22 11:10:25,-59.1395,1181,18.7086,339.9472,58.8238,N/A,110.4965,168.9927,10,480,592,30,30,1050,3,1,13,13,0,0,0,0,0,0,0,0,0,0,450,610,300,841,1400002C000A01E002501E1E041A0301000D000D0000000000000000000000000000000001C20262012C0349
1,1,94,0,261,39022,0,0,0,1,0,2026 AUG 22 22:46:53,2026 AUG 22 23:05:25,2026 AUG 22 22:47:03,2026 AUG 22 23:05:25,N/A,N/A,2026 AUG 22 22:54:23,2026 AUG 22 23:05:25,2026 AUG 22 23:04:55,-73.0357,46.1506,2026 AUG 22 22:54:53,-43.4356,28.1482,2026 AUG 22 22:57:01,-60.5322,1016,18.5628,340.2085,63.7452,N/A,119.9159,183.3051,10,480,608,30,30,1102,3,1,13,13,0,0,0,0,0,0,0,0,0,0,450,662,300,961,1400002C000A01E002601E1E044E0301000D000D0000000000000000000000000000000001C20296012C03C1
1,1,95,0,263,39024,0,0,0,1,0,2026 AUG 23 02:42:17,2026 AUG 23 03:01:15,2026 AUG 23 02:42:27,2026 AUG 23 03:01:15,N/A,N/A,2026 AUG 23 02:49:47,2026 AUG 23 03:01:15,2026 AUG 23 03:00:45,-72.8081,-11.8127,2026 AUG 23 02:50:17,-41.6003,-29.1072,2026 AUG 23 02:52:35,-60.9941,942,18.5644,340.2956,66.2059,N/A,124.6256,190.4613,10,480,618,30,30,1128,3,1,13,13,0,0,0,0,0,0,0,0,0,0,450,688,300,1023,1400002C000A01E0026A1E1E04680301000D000D0000000000000000000000000000000001C202B0012C03FF
1,1,96,0,264,39025,0,0,0,1,0,2026 AUG 23 04:39:57,2026 AUG 23 04:59:09,2026 AUG 23 04:40:07,2026 AUG 23 04:59:09,N/A,N/A,2026 AUG 23 04:47:27,2026 AUG 23 04:59:09,2026 AUG 23 04:58:39,-72.5578,-41.0372,2026 AUG 23 04:47:57,-40.5632,-58.3286,2026 AUG 23 04:50:20,-61.2341,900,18.5253,340.3391,67.5309,N/A,127.1616,194.3146,10,480,623,30,30,1142,3,1,13,13,0,0,0,0,0,0,0,0,0,0,450,702,300,1056,1400002C000A01E0026F1E1E04760301000D000D0000000000000000000000000000000001C202BE012C0420
1,1,97,0,265,39026,0,0,0,1,0,2026 AUG 23 06:37:33,2026 AUG 23 06:57:00,2026 AUG 23 06:37:43,2026 AUG 23 06:57:00,N/A,N/A,2026 AUG 23 06:45:03,2026 AUG 23 06:57:00,2026 AUG 23 06:56:30,-72.2682,-70.3017,2026 AUG 23 06:45:33,-39.3338,-86.9705,2026 AUG 23 06:48:02,-61.4759,860,18.5236,340.3825,68.9505,N/A,129.8787,198.4432,10,480,629,30,30,1157,3,1,13,13,0,0,0,0,0,0,0,0,0,0,450,717,300,1092,1400002C000A01E002751E1E04850301000D000D0000000000000000000000000000000001C202CD012C0444
1,1,98,0,266,39027,0,0,0,1,0,2026 AUG 23 08:35:10,2026 AUG 23 08:54:51,2026 AUG 23 08:35:20,2026 AUG 23 08:54:51,N/A,N/A,2026 AUG 23 08:42:40,2026 AUG 23 08:54:51,2026 AUG 23 08:54:21,-72.1199,-99.3021,2026 AUG 23 08:43:10,-38.3669,-115.8965,2026 AUG 23 08:45:45,-61.7043,824,18.5031,340.426,70.2755,N/A,132.4147,202.2965,10,480,635,30,30,1171,3,1,13,13,0,0,0,0,0,0,0,0,0,0,450,731,300,1126,1400002C000A01E0027B1E1E04930301000D000D0000000000000000000000000000000001C202DB012C0466
1,1,99,0,267,39028,0,0,0,1,0,2026 AUG 23 10:32:48,2026 AUG 23 10:52:44,2026 AUG 23 10:32:58,2026 AUG 23 10:52:44,N/A,N/A,2026 AUG 23 10:40:18,2026 AUG 23 10:52:44,2026 AUG 23 10:52:14,-72.1102,-128.0671,2026 AUG 23 10:40:48,-37.4984,-144.7709,2026 AUG 23 10:43:28,-61.9184,788,18.4864,340.4695,71.6952,N/A,135.1318,206.425,10,480,640,30,30,1186,3,1,13,13,0,0,0,0,0,0,0,0,0,0,450,746,300,1161,1400002C000A01E002801E1E04A20301000D000D0000000000000000000000000000000001C202EA012C0489
1,1,100,0,268,39029,0,0,0,1,0,2026 AUG 23 12:30:22,2026 AUG 23 12:50:33,2026 AUG 23 12:30:32,2026 AUG 23 12:50:33,N/A,N/A,2026 AUG 23 12:37:52,2026 AUG 23 12:50:33,2026 AUG 23 12:50:03,-71.8222,-157.2864,2026 AUG 23 12:38:22,-36.3373,-173.8653,2026 AUG 23 12:41:10,-62.1369,740,18.4539,340.5129,73.1148,N/A,137.849,210.5536,10,480,648,30,30,1201,3,1,13,13,0,0,0,0,0,0,0,0,0,0,450,761,300,1199,1400002C000A01E002881E1E04B10301000D000D0000000000000000000000000000000001C202F9012C04AF
1,1,101,0,269,39030,0,0,0,1,0,2026 AUG 23 14:27:53,2026 AUG 23 14:48:24,2026 AUG 23 14:28:03,2026 AUG 23 14:48:24,N/A,N/A,2026 AUG 23 14:35:23,2026 AUG 23 14:48:24,2026 AUG 23 14:47:54,-71.5171,173.4781,2026 AUG 23 14:35:53,-34.8373,157.3171,2026 AUG 23 14:38:50,-62.3757,685,18.4392,340.5563,75.0076,N/A,141.4718,216.0584,10,480,657,30,30,1221,3,1,13,13,0,0,0,0,0,0,0,0,0,0,450,781,300,993,1400002C000A01E002911E1E04C50301000D000D0000000000000000000000000000000001C2030D012C03E1
