Orbit 80/40 or 60/60 or OFF (1-11 = 80/40; 101-111 = 60/60; 12 = switch off),Orbit type,Ingress solar occultation observation number,Merged Occultation (YES = 1; NO = 0),Thermal orbit/nightside number,ESA orbit number,LNO+UVIS operating (YES = 1; NO = 0),UVIS alone operating (YES = 1; NO = 0),LNO alone operating (YES = 1; NO = 0),SO+UVIS operating (YES = 1; NO = 0),SO alone operating (YES = 1; NO = 0),TC20 execution start time (UTC),TC20 execution end time (UTC),SO start time (UTC),SO end time (UTC),LNO start time (UTC),LNO end time (UTC),UVIS start time (UTC),UVIS end time (UTC),Limb Height 250 km (UTC),Latitude probed @ limb height 250 km (deg),Longitude probed @ limb height 250 km (deg),Limb Height 0 km (UTC),Latitude probed @ limb height 0 km (deg),Longitude probed @ limb height 0 km (deg),Limb Height 50 km: switch SCI1 to SCI2 (UTC),Beta angle (deg),Eclipse duration (Umbra end - Umbra start) (s),Local Solar Time (LST): TGO2SUN vector surface intercept point @ limb height 0 km (h),Solar longitude Ls (deg),SO+SINBAD data volume (Mbit),LNO+SINBAD data volume (Mbit),UVIS+SINBAD data volume (Mbit),Channel(s)+SINBAD data volume (Mbit),TC20 SO_START_TIME,TC20 SO_START_SCIENCE_1,TC20 SO_START_SCIENCE_2,TC20 SO_DURATION_REFERENCE_1,TC20 SO_DURATION_REFERENCE_2,TC20 SO_DURATION_TIME,TC20 SO_COP_GENERAL,TC20 SO_COP_PRECOOLING,TC20 SO_COP_SCIENCE_1,TC20 SO_COP_SCIENCE_2,TC20 LNO_START_TIME,TC20 LNO_START_SCIENCE_1,TC20 LNO_START_SCIENCE_2,TC20 LNO_DURATION_REFERENCE_1,TC20 LNO_DURATION_REFERENCE_2,TC20 LNO_DURATION_TIME,TC20 LNO_COP_GENERAL,TC20 LNO_COP_PRECOOLING,TC20 LNO_COP_SCIENCE_1,TC20 LNO_COP_SCIENCE_2,TC20 UVIS_START_TIME,TC20 UVIS_DURATION_TIME,TC20 UVIS_COP_ROW,TC20 CHECKSUM,TC20 (HEX)
1,1,1,0,2,39446,0,0,0,1,0,2026 SEP 26 16:21:23,2026 SEP 26 16:33:35,2026 SEP 26 16:21:33,2026 SEP 26 16:33:35,N/A,N/A,2026 SEP 26 16:28:53,2026 SEP 26 16:33:35,2026 SEP 26 16:29:23,-79.916,93.2398,2026 SEP 26 16:33:05,-83.3598,101.6416,2026 SEP 26 16:32:28,-15.8896,2438,18.9161,358.1695,27.7812,N/A,51.082,78.7147,10,480,665,30,30,722,3,1,13,13,0,0,0,0,0,0,0,0,0,0,450,282,300,1023,1400002C000A01E002991E1E02D20301000D000D0000000000000000000000000000000001C2011A012C03FF
1,1,2,0,4,39448,0,0,0,1,0,2026 SEP 26 20:17:19,2026 SEP 26 20:29:30,2026 SEP 26 20:17:29,2026 SEP 26 20:29:30,N/A,N/A,2026 SEP 26 20:24:49,2026 SEP 26 20:29:30,2026 SEP 26 20:25:19,-79.7804,35.5659,2026 SEP 26 20:29:00,-83.1839,40.4797,2026 SEP 26 20:28:23,-15.3986,2440,18.6661,358.2518,27.6866,N/A,50.9009,78.4394,10,480,664,30,30,721,3,1,13,13,0,0,0,0,0,0,0,0,0,0,450,281,300,1020,1400002C000A01E002981E1E02D10301000D000D0000000000000000000000000000000001C20119012C03FC
1,1,3,0,6,39450,0,0,0,1,0,2026 SEP 27 00:13:06,2026 SEP 27 00:25:18,2026 SEP 27 00:13:16,2026 SEP 27 00:25:18,N/A,N/A,2026 SEP 27 00:20:36,2026 SEP 27 00:25:18,2026 SEP 27 00:21:06,-79.7327,-22.03,2026 SEP 27 00:24:48,-82.8893,-11.3074,2026 SEP 27 00:24:10,-14.9394,2443,19.0392,358.334,27.7812,N/A,51.082,78.7147,10,480,664,30,30,722,3,1,13,13,0,0,0,0,0,0,0,0,0,0,450,282,300,1022,1400002C000A01E002981E1E02D20301000D000D0000000000000000000000000000000001C2011A012C03FE
1,1,4,0,15,39459,0,0,0,1,0,2026 SEP 27 17:54:19,2026 SEP 27 18:06:28,2026 SEP 27 17:54:29,2026 SEP 27 18:06:28,N/A,N/A,2026 SEP 27 18:01:49,2026 SEP 27 18:06:28,2026 SEP 27 18:02:19,-79.1056,78.6503,2026 SEP 27 18:05:58,-81.8848,84.2636,2026 SEP 27 18:05:21,-12.78,2454,18.6269,358.7038,27.4973,N/A,50.5386,77.889,10,480,662,30,30,719,3,1,13,13,0,0,0,0,0,0,0,0,0,0,450,279,300,1014,1400002C000A01E002961E1E02CF0301000D000D0000000000000000000000000000000001C20117012C03F6
1,1,5,0,17,39461,0,0,0,1,0,2026 SEP 27 21:50:15,2026 SEP 27 22:02:23,2026 SEP 27 21:50:25,2026 SEP 27 22:02:23,N/A,N/A,2026 SEP 27 21:57:45,2026 SEP 27 22:02:23,2026 SEP 27 21:58:15,-79.0371,21.0321,2026 SEP 27 22:01:53,-81.6312,29.1762,2026 SEP 27 22:01:16,-12.2983,2455,18.7819,358.7859,27.4027,N/A,50.3574,77.6137,10,480,661,30,30,718,3,1,13,13,0,0,0,0,0,0,0,0,0,0,450,278,300,1011,1400002C000A01E002951E1E02CE0301000D000D0000000000000000000000000000000001C20116012C03F3
1,1,6,0,20,39464,0,0,0,1,0,2026 SEP 28 03:43:53,2026 SEP 28 03:56:01,2026 SEP 28 03:44:03,2026 SEP 28 03:56:01,N/A,N/A,2026 SEP 28 03:51:23,2026 SEP 28 03:56:01,2026 SEP 28 03:51:53,-78.8533,-65.3431,2026 SEP 28 03:55:31,-81.251,-55.8174,2026 SEP 28 03:54:54,-11.6081,2459,18.8531,358.909,27.4027,N/A,50.3574,77.6137,10,480,661,30,30,718,3,1,13,13,0,0,0,0,0,0,0,0,0,0,450,278,300,1011,1400002C000A01E002951E1E02CE0301000D000D0000000000000000000000000000000001C20116012C03F3
1,1,7,0,22,39466,0,0,0,1,0,2026 SEP 28 07:39:49,2026 SEP 28 07:51:56,2026 SEP 28 07:39:59,2026 SEP 28 07:51:56,N/A,N/A,2026 SEP 28 07:47:19,2026 SEP 28 07:51:56,2026 SEP 28 07:47:49,-78.7205,-122.9661,2026 SEP 28 07:51:26,-80.9849,-113.0685,2026 SEP 28 07:50:49,-11.1145,2461,18.8639,358.9911,27.308,N/A,50.1763,77.3385,10,480,660,30,30,717,3,1,13,13,0,0,0,0,0,0,0,0,0,0,450,277,300,1008,1400002C000A01E002941E1E02CD0301000D000D0000000000000000000000000000000001C20115012C03F0
1,1,8,0,30,39474,0,0,0,1,0,2026 SEP 28 23:23:11,2026 SEP 28 23:35:16,2026 SEP 28 23:23:21,2026 SEP 28 23:35:16,N/A,N/A,2026 SEP 28 23:30:41,2026 SEP 28 23:35:16,2026 SEP 28 23:31:11,-78.2823,6.6907,2026 SEP 28 23:34:46,-80.3097,7.9637,2026 SEP 28 23:34:10,-9.2002,2467,18.2372,359.3191,27.1187,N/A,49.814,76.788,10,480,659,30,30,715,3,1,13,13,0,0,0,0,0,0,0,0,0,0,450,275,300,1003,1400002C000A01E002931E1E02CB0301000D000D0000000000000000000000000000000001C20113012C03EB
1,1,9,0,33,39477,0,0,0,1,0,2026 SEP 29 05:16:51,2026 SEP 29 05:28:56,2026 SEP 29 05:17:01,2026 SEP 29 05:28:56,N/A,N/A,2026 SEP 29 05:24:21,2026 SEP 29 05:28:56,2026 SEP 29 05:24:51,-78.0558,-79.6557,2026 SEP 29 05:28:26,-79.925,-77.8638,2026 SEP 29 05:27:50,-8.5004,2470,18.2533,359.442,27.1187,N/A,49.814,76.788,10,480,659,30,30,715,3,1,13,13,0,0,0,0,0,0,0,0,0,0,450,275,300,1003,1400002C000A01E002931E1E02CB0301000D000D0000000000000000000000000000000001C20113012C03EB
1,1,10,0,35,39479,0,0,0,1,0,2026 SEP 29 09:12:46,2026 SEP 29 09:24:50,2026 SEP 29 09:12:56,2026 SEP 29 09:24:50,N/A,N/A,2026 SEP 29 09:20:16,2026 SEP 29 09:24:50,2026 SEP 29 09:20:46,-77.9371,-137.2452,2026 SEP 29 09:24:20,-79.6827,-134.8207,2026 SEP 29 09:23:44,-8.0034,2472,18.2836,359.5239,27.0241,N/A,49.6329,76.5128,10,480,658,30,30,714,3,1,13,13,0,0,0,0,0,0,0,0,0,0,450,274,300,1000,1400002C000A01E002921E1E02CA0301000D000D0000000000000000000000000000000001C20112012C03E8
1,1,11,0,45,39489,0,0,0,1,0,2026 SEP 30 04:51:50,2026 SEP 30 05:03:54,2026 SEP 30 04:52:00,2026 SEP 30 05:03:54,N/A,N/A,2026 SEP 30 04:59:20,2026 SEP 30 05:03:54,2026 SEP 30 04:59:50,-77.3391,-65.0154,2026 SEP 30 05:03:24,-78.5034,-58.7555,2026 SEP 30 05:02:48,-5.6393,2477,18.4839,359.9331,27.0241,N/A,49.6329,76.5128,10,480,658,30,30,714,3,1,13,13,0,0,0,0,0,0,0,0,0,0,450,274,300,1000,1400002C000A01E002921E1E02CA0301000D000D0000000000000000000000000000000001C20112012C03E8
1,1,12,0,47,39491,0,0,0,1,0,2026 SEP 30 08:47:46,2026 SEP 30 08:59:49,2026 SEP 30 08:47:56,2026 SEP 30 08:59:49,N/A,N/A,2026 SEP 30 08:55:16,2026 SEP 30 08:59:49,2026 SEP 30 08:55:46,-77.1973,-122.589,2026 SEP 30 08:59:19,-78.2749,-117.4098,2026 SEP 30 08:58:43,-5.1452,2479,18.4011,0.014961,26.9294,N/A,49.4517,76.2375,10,480,657,30,30,713,3,1,13,13,0,0,0,0,0,0,0,0,0,0,450,273,300,997,1400002C000A01E002911E1E02C90301000D000D0000000000000000000000000000000001C20111012C03E5
1,1,13,0,49,39493,0,0,0,1,0,2026 SEP 30 12:43:33,2026 SEP 30 12:55:37,2026 SEP 30 12:43:43,2026 SEP 30 12:55:37,N/A,N/A,2026 SEP 30 12:51:03,2026 SEP 30 12:55:37,2026 SEP 30 12:51:33,-77.1235,179.8766,2026 SEP 30 12:55:07,-78.1338,-176.6812,2026 SEP 30 12:54:31,-4.6667,2479,18.2753,0.096723,27.0241,N/A,49.6329,76.5128,10,480,658,30,30,714,3,1,13,13,0,0,0,0,0,0,0,0,0,0,450,274,300,1000,1400002C000A01E002921E1E02CA0301000D000D0000000000000000000000000000000001C20112012C03E8
1,1,14,0,51,39495,0,0,0,1,0,2026 SEP 30 16:39:20,2026 SEP 30 16:51:23,2026 SEP 30 16:39:30,2026 SEP 30 16:51:23,N/A,N/A,2026 SEP 30 16:46:50,2026 SEP 30 16:51:23,2026 SEP 30 16:47:20,-77.0019,122.3454,2026 SEP 30 16:50:53,-77.9182,125.0116,2026 SEP 30 16:50:17,-4.2045,2480,18.2131,0.17845,26.9294,N/A,49.4517,76.2375,10,480,657,30,30,713,3,1,13,13,0,0,0,0,0,0,0,0,0,0,450,273,300,997,1400002C000A01E002911E1E02C90301000D000D0000000000000000000000000000000001C20111012C03E5
1,1,15,0,60,39504,0,0,0,1,0,2026 OCT 01 10:20:42,2026 OCT 01 10:32:45,2026 OCT 01 10:20:52,2026 OCT 01 10:32:45,N/A,N/A,2026 OCT 01 10:28:12,2026 OCT 01 10:32:45,2026 OCT 01 10:28:42,-76.3947,-136.5894,2026 OCT 01 10:32:15,-76.8262,-132.515,2026 OCT 01 10:31:39,-2.037,2482,18.2644,0.54609,26.9294,N/A,49.4517,76.2375,10,480,657,30,30,713,3,1,13,13,0,0,0,0,0,0,0,0,0,0,450,273,300,997,1400002C000A01E002911E1E02C90301000D000D0000000000000000000000000000000001C20111012C03E5
1,1,16,0,62,39506,0,0,0,1,0,2026 OCT 01 14:16:28,2026 OCT 01 14:28:31,2026 OCT 01 14:16:38,2026 OCT 01 14:28:31,N/A,N/A,2026 OCT 01 14:23:58,2026 OCT 01 14:28:31,2026 OCT 01 14:24:28,-76.3424,165.8932,2026 OCT 01 14:28:01,-76.6985,167.3031,2026 OCT 01 14:27:25,-1.5669,2483,18.0775,0.62769,26.9294,N/A,49.4517,76.2375,10,480,657,30,30,713,3,1,13,13,0,0,0,0,0,0,0,0,0,0,450,273,300,997,1400002C000A01E002911E1E02C90301000D000D0000000000000000000000000000000001C20111012C03E5
1,1,17,0,64,39508,0,0,0,1,0,2026 OCT 01 18:12:17,2026 OCT 01 18:24:19,2026 OCT 01 18:12:27,2026 OCT 01 18:24:19,N/A,N/A,2026 OCT 01 18:19:47,2026 OCT 01 18:24:19,2026 OCT 01 18:20:17,-76.1566,108.3773,2026 OCT 01 18:23:49,-76.4063,110.3597,2026 OCT 01 18:23:13,-1.0936,2483,18.1069,0.70929,26.8348,N/A,49.2706,75.9623,10,480,656,30,30,712,3,1,13,13,0,0,0,0,0,0,0,0,0,0,450,272,300,994,1400002C000A01E002901E1E02C80301000D000D0000000000000000000000000000000001C20110012C03E2
1,1,18,0,72,39516,0,0,0,1,0,2026 OCT 02 09:55:45,2026 OCT 02 10:07:47,2026 OCT 02 09:55:55,2026 OCT 02 10:07:47,N/A,N/A,2026 OCT 02 10:03:15,2026 OCT 02 10:07:47,2026 OCT 02 10:03:45,-75.6238,-121.7273,2026 OCT 02 10:07:17,-75.4435,-117.6969,2026 OCT 02 10:06:41,0.82296,2483,18.21,1.0356,26.8348,N/A,49.2706,75.9623,10,480,656,30,30,712,3,1,13,13,0,0,0,0,0,0,0,0,0,0,450,272,300,994,1400002C000A01E002901E1E02C80301000D000D0000000000000000000000000000000001C20110012C03E2
1,1,19,0,74,39518,0,0,0,1,0,2026 OCT 02 13:51:32,2026 OCT 02 14:03:35,2026 OCT 02 13:51:42,2026 OCT 02 14:03:35,N/A,N/A,2026 OCT 02 13:59:02,2026 OCT 02 14:03:35,2026 OCT 02 13:59:32,-75.5656,-179.2372,2026 OCT 02 14:03:05,-75.2883,-175.748,2026 OCT 02 14:02:29,1.3003,2483,18.1656,1.1171,26.9294,N/A,49.4517,76.2375,10,480,657,30,30,713,3,1,13,13,0,0,0,0,0,0,0,0,0,0,450,273,300,997,1400002C000A01E002911E1E02C90301000D000D0000000000000000000000000000000001C20111012C03E5
1,1,20,0,76,39520,0,0,0,1,0,2026 OCT 02 17:47:19,2026 OCT 02 17:59:22,2026 OCT 02 17:47:29,2026 OCT 02 17:59:22,N/A,N/A,2026 OCT 02 17:54:49,2026 OCT 02 17:59:22,2026 OCT 02 17:55:19,-75.4161,123.2671,2026 OCT 02 17:58:52,-75.0295,127.6244,2026 OCT 02 17:58:16,1.7632,2483,18.2158,1.1985,26.9294,N/A,49.4517,76.2375,10,480,657,30,30,713,3,1,13,13,0,0,0,0,0,0,0,0,0,0,450,273,300,997,1400002C000A01E002911E1E02C90301000D000D0000000000000000000000000000000001C20111012C03E5
1,1,21,0,78,39522,0,0,0,1,0,2026 OCT 02 21:43:14,2026 OCT 02 21:55:17,2026 OCT 02 21:43:24,2026 OCT 02 21:55:17,N/A,N/A,2026 OCT 02 21:50:44,2026 OCT 02 21:55:17,2026 OCT 02 21:51:14,-75.2143,65.7492,2026 OCT 02 21:54:47,-74.7214,70.0883,2026 OCT 02 21:54:11,2.2595,2482,18.2075,1.28,26.9294,N/A,49.4517,76.2375,10,480,657,30,30,713,3,1,13,13,0,0,0,0,0,0,0,0,0,0,450,273,300,997,1400002C000A01E002911E1E02C90301000D000D0000000000000000000000000000000001C20111012C03E5
1,1,22,0,89,39533,0,0,0,1,0,2026 OCT 03 19:20:18,2026 OCT 03 19:32:22,2026 OCT 03 19:20:28,2026 OCT 03 19:32:22,N/A,N/A,2026 OCT 03 19:27:48,2026 OCT 03 19:32:22,2026 OCT 03 19:28:18,-74.5254,109.492,2026 OCT 03 19:31:52,-73.4663,114.1612,2026 OCT 03 19:31:16,4.8721,2480,18.19,1.7277,27.0241,N/A,49.6329,76.5128,10,480,658,30,30,714,3,1,13,13,0,0,0,0,0,0,0,0,0,0,450,274,300,1000,1400002C000A01E002921E1E02CA0301000D000D0000000000000000000000000000000001C20112012C03E8
1,1,23,0,91,39535,0,0,0,1,0,2026 OCT 03 23:16:15,2026 OCT 03 23:28:18,2026 OCT 03 23:16:25,2026 OCT 03 23:28:18,N/A,N/A,2026 OCT 03 23:23:45,2026 OCT 03 23:28:18,2026 OCT 03 23:24:15,-74.3735,51.9726,2026 OCT 03 23:27:48,-73.23,54.2854,2026 OCT 03 23:27:12,5.3632,2477,18.0261,1.809,26.9294,N/A,49.4517,76.2375,10,480,657,30,30,713,3,1,13,13,0,0,0,0,0,0,0,0,0,0,450,273,300,997,1400002C000A01E002911E1E02C90301000D000D0000000000000000000000000000000001C20111012C03E5
1,1,24,0,93,39537,0,0,0,1,0,2026 OCT 04 03:12:03,2026 OCT 04 03:24:07,2026 OCT 04 03:12:13,2026 OCT 04 03:24:07,N/A,N/A,2026 OCT 04 03:19:33,2026 OCT 04 03:24:07,2026 OCT 04 03:20:03,-74.3474,-5.5325,2026 OCT 04 03:23:37,-73.098,-3.0394,2026 OCT 04 03:23:01,5.829,2476,18.0303,1.8903,27.0241,N/A,49.6329,76.5128,10,480,658,30,30,714,3,1,13,13,0,0,0,0,0,0,0,0,0,0,450,274,300,1000,1400002C000A01E002921E1E02CA0301000D000D0000000000000000000000000000000001C20112012C03E8
1,1,25,0,101,39545,0,0,0,1,0,2026 OCT 04 18:55:23,2026 OCT 04 19:07:28,2026 OCT 04 18:55:33,2026 OCT 04 19:07:28,N/A,N/A,2026 OCT 04 19:02:53,2026 OCT 04 19:07:28,2026 OCT 04 19:03:23,-73.7496,124.5267,2026 OCT 04 19:06:58,-72.0828,127.9011,2026 OCT 04 19:06:22,7.7285,2474,18.0647,2.2154,27.1187,N/A,49.814,76.788,10,480,659,30,30,715,3,1,13,13,0,0,0,0,0,0,0,0,0,0,450,275,300,1003,1400002C000A01E002931E1E02CB0301000D000D0000000000000000000000000000000001C20113012C03EB
1,1,26,0,104,39548,0,0,0,1,0,2026 OCT 05 00:49:16,2026 OCT 05 01:01:22,2026 OCT 05 00:49:26,2026 OCT 05 01:01:22,N/A,N/A,2026 OCT 05 00:56:46,2026 OCT 05 01:01:22,2026 OCT 05 00:57:16,-73.5328,38.2723,2026 OCT 05 01:00:52,-71.6925,42.8565,2026 OCT 05 01:00:15,8.4625,2470,18.1369,2.3372,27.2134,N/A,49.9952,77.0633,10,480,659,30,30,716,3,1,13,13,0,0,0,0,0,0,0,0,0,0,450,276,300,1005,1400002C000A01E002931E1E02CC0301000D000D0000000000000000000000000000000001C20114012C03ED
1,1,27,0,108,39552,0,0,0,1,0,2026 OCT 05 08:40:54,2026 OCT 05 08:53:00,2026 OCT 05 08:41:04,2026 OCT 05 08:53:00,N/A,N/A,2026 OCT 05 08:48:24,2026 OCT 05 08:53:00,2026 OCT 05 08:48:54,-73.2228,-76.6716,2026 OCT 05 08:52:30,-71.1903,-73.4766,2026 OCT 05 08:51:53,9.3913,2467,18.0333,2.4995,27.2134,N/A,49.9952,77.0633,10,480,659,30,30,716,3,1,13,13,0,0,0,0,0,0,0,0,0,0,450,276,300,1005,1400002C000A01E002931E1E02CC0301000D000D0000000000000000000000000000000001C20114012C03ED
1,1,28,0,110,39554,0,0,0,1,0,2026 OCT 05 12:36:48,2026 OCT 05 12:48:54,2026 OCT 05 12:36:58,2026 OCT 05 12:48:54,N/A,N/A,2026 OCT 05 12:44:18,2026 OCT 05 12:48:54,2026 OCT 05 12:44:48,-73.0995,-134.1686,2026 OCT 05 12:48:24,-70.9371,-133.9651,2026 OCT 05 12:47:48,9.8888,2466,17.8281,2.5807,27.2134,N/A,49.9952,77.0633,10,480,660,30,30,716,3,1,13,13,0,0,0,0,0,0,0,0,0,0,450,276,300,1006,1400002C000A01E002941E1E02CC0301000D000D0000000000000000000000000000000001C20114012C03EE
1,1,29,0,117,39561,0,0,0,1,0,2026 OCT 06 02:22:18,2026 OCT 06 02:34:26,2026 OCT 06 02:22:28,2026 OCT 06 02:34:26,N/A,N/A,2026 OCT 06 02:29:48,2026 OCT 06 02:34:26,2026 OCT 06 02:30:18,-72.6439,24.6449,2026 OCT 06 02:33:56,-70.1235,28.3644,2026 OCT 06 02:33:19,11.5596,2459,18.0436,2.8645,27.4027,N/A,50.3574,77.6137,10,480,661,30,30,718,3,1,13,13,0,0,0,0,0,0,0,0,0,0,450,278,300,1011,1400002C000A01E002951E1E02CE0301000D000D0000000000000000000000000000000001C20116012C03F3
1,1,30,0,120,39564,0,0,0,1,0,2026 OCT 06 08:16:01,2026 OCT 06 08:28:09,2026 OCT 06 08:16:11,2026 OCT 06 08:28:09,N/A,N/A,2026 OCT 06 08:23:31,2026 OCT 06 08:28:09,2026 OCT 06 08:24:01,-72.3753,-61.5378,2026 OCT 06 08:27:39,-69.7051,-57.5917,2026 OCT 06 08:27:02,12.2531,2457,18.0519,2.986,27.4027,N/A,50.3574,77.6137,10,480,661,30,30,718,3,1,13,13,0,0,0,0,0,0,0,0,0,0,450,278,300,1011,1400002C000A01E002951E1E02CE0301000D000D0000000000000000000000000000000001C20116012C03F3
1,1,31,0,122,39566,0,0,0,1,0,2026 OCT 06 12:11:57,2026 OCT 06 12:24:05,2026 OCT 06 12:12:07,2026 OCT 06 12:24:05,N/A,N/A,2026 OCT 06 12:19:27,2026 OCT 06 12:24:05,2026 OCT 06 12:19:57,-72.2102,-119.0243,2026 OCT 06 12:23:35,-69.4339,-115.5855,2026 OCT 06 12:22:58,12.7495,2455,18.0136,3.0671,27.4027,N/A,50.3574,77.6137,10,480,661,30,30,718,3,1,13,13,0,0,0,0,0,0,0,0,0,0,450,278,300,1011,1400002C000A01E002951E1E02CE0301000D000D0000000000000000000000000000000001C20116012C03F3
1,1,32,0,132,39576,0,0,0,1,0,2026 OCT 07 07:51:05,2026 OCT 07 08:03:17,2026 OCT 07 07:51:15,2026 OCT 07 08:03:17,N/A,N/A,2026 OCT 07 07:58:35,2026 OCT 07 08:03:17,2026 OCT 07 07:59:05,-71.529,-46.3435,2026 OCT 07 08:02:47,-68.1882,-43.1325,2026 OCT 07 08:02:09,15.1093,2443,17.9756,3.4718,27.7812,N/A,51.082,78.7147,10,480,664,30,30,722,3,1,13,13,0,0,0,0,0,0,0,0,0,0,450,282,300,1022,1400002C000A01E002981E1E02D20301000D000D0000000000000000000000000000000001C2011A012C03FE
1,1,33,0,135,39579,0,0,0,1,0,2026 OCT 07 13:44:58,2026 OCT 07 13:57:11,2026 OCT 07 13:45:08,2026 OCT 07 13:57:11,N/A,N/A,2026 OCT 07 13:52:28,2026 OCT 07 13:57:11,2026 OCT 07 13:52:58,-71.2745,-132.5552,2026 OCT 07 13:56:41,-67.7612,-128.2976,2026 OCT 07 13:56:03,15.8475,2439,18.0394,3.5932,27.8759,N/A,51.2631,78.9899,10,480,665,30,30,723,3,1,13,13,0,0,0,0,0,0,0,0,0,0,450,283,300,1025,1400002C000A01E002991E1E02D30301000D000D0000000000000000000000000000000001C2011B012C0401
1,1,34,0,137,39581,0,0,0,1,0,2026 OCT 07 17:40:44,2026 OCT 07 17:52:58,2026 OCT 07 17:40:54,2026 OCT 07 17:52:58,N/A,N/A,2026 OCT 07 17:48:14,2026 OCT 07 17:52:58,2026 OCT 07 17:48:44,-71.2145,169.9807,2026 OCT 07 17:52:28,-67.5849,174.1616,2026 OCT 07 17:51:50,16.3132,2437,18.0289,3.674,27.9705,N/A,51.4443,79.2652,10,480,666,30,30,724,3,1,13,13,0,0,0,0,0,0,0,0,0,0,450,284,300,1028,1400002C000A01E0029A1E1E02D40301000D000D0000000000000000000000000000000001C2011C012C0404
1,1,35,0,139,39583,0,0,0,1,0,2026 OCT 07 21:36:37,2026 OCT 07 21:48:50,2026 OCT 07 21:36:47,2026 OCT 07 21:48:50,N/A,N/A,2026 OCT 07 21:44:07,2026 OCT 07 21:48:50,2026 OCT 07 21:44:37,-70.9189,112.5519,2026 OCT 07 21:48:20,-67.1994,115.9774,2026 OCT 07 21:47:42,16.7903,2434,17.9767,3.7548,27.8759,N/A,51.2631,78.9899,10,480,665,30,30,723,3,1,13,13,0,0,0,0,0,0,0,0,0,0,450,283,300,1025,1400002C000A01E002991E1E02D30301000D000D0000000000000000000000000000000001C2011B012C0401
1,1,36,0,145,39589,0,0,0,1,0,2026 OCT 08 09:24:12,2026 OCT 08 09:36:27,2026 OCT 08 09:24:22,2026 OCT 08 09:36:27,N/A,N/A,2026 OCT 08 09:31:42,2026 OCT 08 09:36:27,2026 OCT 08 09:32:12,-70.4799,-59.8303,2026 OCT 08 09:35:57,-66.389,-58.5549,2026 OCT 08 09:35:19,18.2075,2424,17.8219,3.9972,28.0651,N/A,51.6254,79.5404,10,480,667,30,30,725,3,1,13,13,0,0,0,0,0,0,0,0,0,0,450,285,300,1031,1400002C000A01E0029B1E1E02D50301000D000D0000000000000000000000000000000001C2011D012C0407
1,1,37,0,147,39591,0,0,0,1,0,2026 OCT 08 13:20:08,2026 OCT 08 13:32:24,2026 OCT 08 13:20:18,2026 OCT 08 13:32:24,N/A,N/A,2026 OCT 08 13:27:38,2026 OCT 08 13:32:24,2026 OCT 08 13:28:08,-70.3026,-117.2982,2026 OCT 08 13:31:54,-66.1186,-113.647,2026 OCT 08 13:31:15,18.7046,2420,17.9772,4.078,28.1598,N/A,51.8066,79.8156,10,480,667,30,30,726,3,1,13,13,0,0,0,0,0,0,0,0,0,0,450,286,300,1033,1400002C000A01E0029B1E1E02D60301000D000D0000000000000000000000000000000001C2011E012C0409
1,1,38,0,151,39595,0,0,0,1,0,2026 OCT 08 21:11:44,2026 OCT 08 21:24:02,2026 OCT 08 21:11:54,2026 OCT 08 21:24:02,N/A,N/A,2026 OCT 08 21:19:14,2026 OCT 08 21:24:02,2026 OCT 08 21:19:44,-70.0076,127.8181,2026 OCT 08 21:23:32,-65.5837,131.6863,2026 OCT 08 21:22:53,19.6449,2414,17.9847,4.2395,28.3491,N/A,52.1689,80.3661,10,480,669,30,30,728,3,1,13,13,0,0,0,0,0,0,0,0,0,0,450,288,300,1039,1400002C000A01E0029D1E1E02D80301000D000D0000000000000000000000000000000001C20120012C040F
1,1,39,0,158,39602,0,0,0,1,0,2026 OCT 09 10:57:19,2026 OCT 09 11:09:39,2026 OCT 09 10:57:29,2026 OCT 09 11:09:39,N/A,N/A,2026 OCT 09 11:04:49,2026 OCT 09 11:09:39,2026 OCT 09 11:05:19,-69.3651,-73.2534,2026 OCT 09 11:09:09,-64.5396,-69.5814,2026 OCT 09 11:08:30,21.3033,2400,17.9619,4.5218,28.5384,N/A,52.5311,80.9166,10,480,671,30,30,730,3,1,13,13,0,0,0,0,0,0,0,0,0,0,450,290,300,1045,1400002C000A01E0029F1E1E02DA0301000D000D0000000000000000000000000000000001C20122012C0415
1,1,40,0,159,39603,0,0,0,1,0,2026 OCT 09 12:55:17,2026 OCT 09 13:07:37,2026 OCT 09 12:55:27,2026 OCT 09 13:07:37,N/A,N/A,2026 OCT 09 13:02:47,2026 OCT 09 13:07:37,2026 OCT 09 13:03:17,-69.2799,-101.9852,2026 OCT 09 13:07:07,-64.387,-99.3478,2026 OCT 09 13:06:28,21.5536,2397,17.8914,4.5622,28.5384,N/A,52.5311,80.9166,10,480,671,30,30,730,3,1,13,13,0,0,0,0,0,0,0,0,0,0,450,290,300,1045,1400002C000A01E0029F1E1E02DA0301000D000D0000000000000000000000000000000001C20122012C0415
1,1,41,0,161,39605,0,0,0,1,0,2026 OCT 09 16:51:04,2026 OCT 09 17:03:27,2026 OCT 09 16:51:14,2026 OCT 09 17:03:27,N/A,N/A,2026 OCT 09 16:58:34,2026 OCT 09 17:03:27,2026 OCT 09 16:59:04,-69.2536,-159.4513,2026 OCT 09 17:02:57,-64.197,-156.5046,2026 OCT 09 17:02:17,22.0353,2394,17.9072,4.6428,28.8223,N/A,53.0746,81.7423,10,480,673,30,30,733,3,1,13,13,0,0,0,0,0,0,0,0,0,0,450,293,300,1053,1400002C000A01E002A11E1E02DD0301000D000D0000000000000000000000000000000001C20125012C041D
1,1,42,0,164,39608,0,0,0,1,0,2026 OCT 09 22:44:51,2026 OCT 09 22:57:14,2026 OCT 09 22:45:01,2026 OCT 09 22:57:14,N/A,N/A,2026 OCT 09 22:52:21,2026 OCT 09 22:57:14,2026 OCT 09 22:52:51,-68.8631,114.4221,2026 OCT 09 22:56:44,-63.6496,117.2662,2026 OCT 09 22:56:04,22.7403,2388,17.8986,4.7637,28.8223,N/A,53.0746,81.7423,10,480,673,30,30,733,3,1,13,13,0,0,0,0,0,0,0,0,0,0,450,293,300,1053,1400002C000A01E002A11E1E02DD0301000D000D0000000000000000000000000000000001C20125012C041D
1,1,43,0,166,39610,0,0,0,1,0,2026 OCT 10 02:40:48,2026 OCT 10 02:53:12,2026 OCT 10 02:40:58,2026 OCT 10 02:53:12,N/A,N/A,2026 OCT 10 02:48:18,2026 OCT 10 02:53:12,2026 OCT 10 02:48:48,-68.7269,56.948,2026 OCT 10 02:52:42,-63.3785,59.4753,2026 OCT 10 02:52:02,23.2275,2382,17.8742,4.8443,28.9169,N/A,53.2557,82.0175,10,480,674,30,30,734,3,1,13,13,0,0,0,0,0,0,0,0,0,0,450,294,300,1056,1400002C000A01E002A21E1E02DE0301000D000D0000000000000000000000000000000001C20126012C0420
1,1,44,0,168,39612,0,0,0,1,0,2026 OCT 10 06:36:34,2026 OCT 10 06:49:00,2026 OCT 10 06:36:44,2026 OCT 10 06:49:00,N/A,N/A,2026 OCT 10 06:44:04,2026 OCT 10 06:49:00,2026 OCT 10 06:44:34,-68.6785,-0.50515,2026 OCT 10 06:48:30,-63.2016,3.1962,2026 OCT 10 06:47:50,23.6903,2378,17.9481,4.9248,29.1062,N/A,53.618,82.568,10,480,676,30,30,736,3,1,13,13,0,0,0,0,0,0,0,0,0,0,450,296,300,1062,1400002C000A01E002A41E1E02E00301000D000D0000000000000000000000000000000001C20128012C0426
1,1,45,0,170,39614,0,0,0,1,0,2026 OCT 10 10:32:27,2026 OCT 10 10:44:53,2026 OCT 10 10:32:37,2026 OCT 10 10:44:53,N/A,N/A,2026 OCT 10 10:39:57,2026 OCT 10 10:44:53,2026 OCT 10 10:40:27,-68.3627,-57.9112,2026 OCT 10 10:44:23,-62.7643,-55.4319,2026 OCT 10 10:43:43,24.1536,2374,17.8664,5.0053,29.1062,N/A,53.618,82.568,10,480,676,30,30,736,3,1,13,13,0,0,0,0,0,0,0,0,0,0,450,296,300,1062,1400002C000A01E002A41E1E02E00301000D000D0000000000000000000000000000000001C20128012C0426
1,1,46,0,174,39618,0,0,0,1,0,2026 OCT 10 18:24:09,2026 OCT 10 18:36:38,2026 OCT 10 18:24:19,2026 OCT 10 18:36:38,N/A,N/A,2026 OCT 10 18:31:39,2026 OCT 10 18:36:38,2026 OCT 10 18:32:09,-68.1304,-172.8161,2026 OCT 10 18:36:08,-62.2541,-169.9625,2026 OCT 10 18:35:27,25.1244,2365,17.885,5.1663,29.3901,N/A,54.1614,83.3937,10,480,678,30,30,739,3,1,13,13,0,0,0,0,0,0,0,0,0,0,450,299,300,1070,1400002C000A01E002A61E1E02E30301000D000D0000000000000000000000000000000001C2012B012C042E
1,1,47,0,175,39619,0,0,0,1,0,2026 OCT 10 20:22:03,2026 OCT 10 20:34:33,2026 OCT 10 20:22:13,2026 OCT 10 20:34:33,N/A,N/A,2026 OCT 10 20:29:33,2026 OCT 10 20:34:33,2026 OCT 10 20:30:03,-68.0067,158.4826,2026 OCT 10 20:34:03,-62.0707,162.1983,2026 OCT 10 20:33:22,25.3526,2363,17.9422,5.2066,29.4848,N/A,54.3426,83.669,10,480,679,30,30,740,3,1,13,13,0,0,0,0,0,0,0,0,0,0,450,300,300,1073,1400002C000A01E002A71E1E02E40301000D000D0000000000000000000000000000000001C2012C012C0431
1,1,48,0,177,39621,0,0,0,1,0,2026 OCT 11 00:17:59,2026 OCT 11 00:30:29,2026 OCT 11 00:18:09,2026 OCT 11 00:30:29,N/A,N/A,2026 OCT 11 00:25:29,2026 OCT 11 00:30:29,2026 OCT 11 00:25:59,-67.6873,101.0681,2026 OCT 11 00:29:59,-61.6351,104.2536,2026 OCT 11 00:29:18,25.8375,2357,17.9069,5.287,29.4848,N/A,54.3426,83.669,10,480,679,30,30,740,3,1,13,13,0,0,0,0,0,0,0,0,0,0,450,300,300,1073,1400002C000A01E002A71E1E02E40301000D000D0000000000000000000000000000000001C2012C012C0431
1,1,49,0,180,39624,0,0,0,1,0,2026 OCT 11 06:11:47,2026 OCT 11 06:24:19,2026 OCT 11 06:11:57,2026 OCT 11 06:24:19,N/A,N/A,2026 OCT 11 06:19:17,2026 OCT 11 06:24:19,2026 OCT 11 06:19:47,-67.5697,14.8714,2026 OCT 11 06:23:49,-61.2993,17.5216,2026 OCT 11 06:23:08,26.5506,2348,17.8656,5.4077,29.6741,N/A,54.7048,84.2194,10,480,681,30,30,742,3,1,13,13,0,0,0,0,0,0,0,0,0,0,450,302,300,1079,1400002C000A01E002A91E1E02E60301000D000D0000000000000000000000000000000001C2012E012C0437
1,1,50,0,181,39625,0,0,0,1,0,2026 OCT 11 08:09:39,2026 OCT 11 08:22:12,2026 OCT 11 08:09:49,2026 OCT 11 08:22:12,N/A,N/A,2026 OCT 11 08:17:09,2026 OCT 11 08:22:12,2026 OCT 11 08:17:39,-67.4751,-13.8288,2026 OCT 11 08:21:42,-61.1257,-11.3137,2026 OCT 11 08:21:01,26.7767,2346,17.8558,5.4479,29.7687,N/A,54.886,84.4947,10,480,682,30,30,743,3,1,13,13,0,0,0,0,0,0,0,0,0,0,450,303,300,1082,1400002C000A01E002AA1E1E02E70301000D000D0000000000000000000000000000000001C2012F012C043A
1,1,51,0,185,39629,0,0,0,1,0,2026 OCT 11 16:01:30,2026 OCT 11 16:14:05,2026 OCT 11 16:01:40,2026 OCT 11 16:14:05,N/A,N/A,2026 OCT 11 16:09:00,2026 OCT 11 16:14:05,2026 OCT 11 16:09:30,-67.0011,-128.6945,2026 OCT 11 16:13:35,-60.3634,-126.9425,2026 OCT 11 16:12:54,27.745,2334,17.8033,5.6087,29.958,N/A,55.2483,85.0451,10,480,684,30,30,745,3,1,13,13,0,0,0,0,0,0,0,0,0,0,450,305,300,1088,1400002C000A01E002AC1E1E02E90301000D000D0000000000000000000000000000000001C20131012C0440
1,1,52,0,187,39631,0,0,0,1,0,2026 OCT 11 19:57:17,2026 OCT 11 20:09:53,2026 OCT 11 19:57:27,2026 OCT 11 20:09:53,N/A,N/A,2026 OCT 11 20:04:47,2026 OCT 11 20:09:53,2026 OCT 11 20:05:17,-66.8808,173.8758,2026 OCT 11 20:09:23,-60.1121,175.6075,2026 OCT 11 20:08:41,28.2066,2330,17.7989,5.6891,30.0526,N/A,55.4294,85.3204,10,480,684,30,30,746,3,1,13,13,0,0,0,0,0,0,0,0,0,0,450,306,300,1090,1400002C000A01E002AC1E1E02EA0301000D000D0000000000000000000000000000000001C20132012C0442
1,1,53,0,190,39634,0,0,0,1,0,2026 OCT 12 01:51:10,2026 OCT 12 02:03:48,2026 OCT 12 01:51:20,2026 OCT 12 02:03:48,N/A,N/A,2026 OCT 12 01:58:40,2026 OCT 12 02:03:48,2026 OCT 12 01:59:10,-66.4537,87.75,2026 OCT 12 02:03:18,-59.4394,88.6668,2026 OCT 12 02:02:36,28.9265,2319,17.745,5.8096,30.2419,N/A,55.7917,85.8709,10,480,686,30,30,748,3,1,13,13,0,0,0,0,0,0,0,0,0,0,450,308,300,1096,1400002C000A01E002AE1E1E02EC0301000D000D0000000000000000000000000000000001C20134012C0448
1,1,54,0,191,39635,0,0,0,1,0,2026 OCT 12 03:49:09,2026 OCT 12 04:01:47,2026 OCT 12 03:49:19,2026 OCT 12 04:01:47,N/A,N/A,2026 OCT 12 03:56:39,2026 OCT 12 04:01:47,2026 OCT 12 03:57:09,-66.3841,59.0163,2026 OCT 12 04:01:17,-59.3396,60.5858,2026 OCT 12 04:00:35,29.1681,2316,17.7872,5.8498,30.2419,N/A,55.7917,85.8709,10,480,686,30,30,748,3,1,13,13,0,0,0,0,0,0,0,0,0,0,450,308,300,1096,1400002C000A01E002AE1E1E02EC0301000D000D0000000000000000000000000000000001C20134012C0448
1,1,55,0,193,39637,0,0,0,1,0,2026 OCT 12 07:44:54,2026 OCT 12 07:57:35,2026 OCT 12 07:45:04,2026 OCT 12 07:57:35,N/A,N/A,2026 OCT 12 07:52:24,2026 OCT 12 07:57:35,2026 OCT 12 07:52:54,-66.3297,1.5785,2026 OCT 12 07:57:05,-59.1383,4.4722,2026 OCT 12 07:56:22,29.6293,2311,17.8719,5.93,30.5258,N/A,56.3351,86.6966,10,480,688,30,30,751,3,1,13,13,0,0,0,0,0,0,0,0,0,0,450,311,300,1104,1400002C000A01E002B01E1E02EF0301000D000D0000000000000000000000000000000001C20137012C0450
1,1,56,0,196,39640,0,0,0,1,0,2026 OCT 12 13:38:49,2026 OCT 12 13:51:31,2026 OCT 12 13:38:59,2026 OCT 12 13:51:31,N/A,N/A,2026 OCT 12 13:46:19,2026 OCT 12 13:51:31,2026 OCT 12 13:46:49,-65.8108,-84.5275,2026 OCT 12 13:51:01,-58.4343,-81.583,2026 OCT 12 13:50:18,30.3394,2301,17.8775,6.0505,30.6205,N/A,56.5163,86.9718,10,480,689,30,30,752,3,1,13,13,0,0,0,0,0,0,0,0,0,0,450,312,300,1107,1400002C000A01E002B11E1E02F00301000D000D0000000000000000000000000000000001C20138012C0453
1,1,57,0,198,39642,0,0,0,1,0,2026 OCT 12 17:34:39,2026 OCT 12 17:47:23,2026 OCT 12 17:34:49,2026 OCT 12 17:47:23,N/A,N/A,2026 OCT 12 17:42:09,2026 OCT 12 17:47:23,2026 OCT 12 17:42:39,-65.7356,-141.9779,2026 OCT 12 17:46:53,-58.1319,-140.8159,2026 OCT 12 17:46:10,30.8291,2294,17.7553,6.1308,30.8098,N/A,56.8785,87.5223,10,480,691,30,30,754,3,1,13,13,0,0,0,0,0,0,0,0,0,0,450,314,300,1113,1400002C000A01E002B31E1E02F20301000D000D0000000000000000000000000000000001C2013A012C0459
1,1,58,0,199,39643,0,0,0,1,0,2026 OCT 12 19:32:32,2026 OCT 12 19:45:17,2026 OCT 12 19:32:42,2026 OCT 12 19:45:17,N/A,N/A,2026 OCT 12 19:40:02,2026 OCT 12 19:45:17,2026 OCT 12 19:40:32,-65.6857,-170.6915,2026 OCT 12 19:44:47,-58.0072,-169.3654,2026 OCT 12 19:44:04,31.0596,2291,17.765,6.1709,30.9044,N/A,57.0597,87.7975,10,480,692,30,30,755,3,1,13,13,0,0,0,0,0,0,0,0,0,0,450,315,300,1116,1400002C000A01E002B41E1E02F30301000D000D0000000000000000000000000000000001C2013B012C045C
1,1,59,0,201,39645,0,0,0,1,0,2026 OCT 12 23:28:26,2026 OCT 12 23:41:12,2026 OCT 12 23:28:36,2026 OCT 12 23:41:12,N/A,N/A,2026 OCT 12 23:35:56,2026 OCT 12 23:41:12,2026 OCT 12 23:36:26,-65.2915,131.9298,2026 OCT 12 23:40:42,-57.5397,135.1929,2026 OCT 12 23:39:58,31.5274,2284,17.8964,6.2511,30.9991,N/A,57.2408,88.0728,10,480,692,30,30,756,3,1,13,13,0,0,0,0,0,0,0,0,0,0,450,316,300,1118,1400002C000A01E002B41E1E02F40301000D000D0000000000000000000000000000000001C2013C012C045E
1,1,60,0,203,39647,0,0,0,1,0,2026 OCT 13 03:24:24,2026 OCT 13 03:37:12,2026 OCT 13 03:24:34,2026 OCT 13 03:37:12,N/A,N/A,2026 OCT 13 03:31:54,2026 OCT 13 03:37:12,2026 OCT 13 03:32:24,-65.0946,74.4816,2026 OCT 13 03:36:42,-57.1752,77.838,2026 OCT 13 03:35:57,32.0148,2276,17.9017,6.3313,31.1883,N/A,57.6031,88.6232,10,480,693,30,30,758,3,1,13,13,0,0,0,0,0,0,0,0,0,0,450,318,300,1123,1400002C000A01E002B51E1E02F60301000D000D0000000000000000000000000000000001C2013E012C0463
1,1,61,0,204,39648,0,0,0,1,0,2026 OCT 13 05:22:20,2026 OCT 13 05:35:09,2026 OCT 13 05:22:30,2026 OCT 13 05:35:09,N/A,N/A,2026 OCT 13 05:29:50,2026 OCT 13 05:35:09,2026 OCT 13 05:30:20,-65.0751,45.7485,2026 OCT 13 05:34:39,-57.059,48.583,2026 OCT 13 05:33:55,32.2537,2273,17.865,6.3714,31.283,N/A,57.7843,88.8985,10,480,695,30,30,759,3,1,13,13,0,0,0,0,0,0,0,0,0,0,450,319,300,1127,1400002C000A01E002B71E1E02F70301000D000D0000000000000000000000000000000001C2013F012C0467
1,1,62,0,206,39650,0,0,0,1,0,2026 OCT 13 09:18:06,2026 OCT 13 09:30:57,2026 OCT 13 09:18:16,2026 OCT 13 09:30:57,N/A,N/A,2026 OCT 13 09:25:36,2026 OCT 13 09:30:57,2026 OCT 13 09:26:06,-64.911,-11.659,2026 OCT 13 09:30:27,-56.7378,-8.5461,2026 OCT 13 09:29:42,32.7103,2266,17.8822,6.4516,31.4723,N/A,58.1465,89.449,10,480,696,30,30,761,3,1,13,13,0,0,0,0,0,0,0,0,0,0,450,321,300,1132,1400002C000A01E002B81E1E02F90301000D000D0000000000000000000000000000000001C20141012C046C
1,1,63,0,208,39652,0,0,0,1,0,2026 OCT 13 13:14:06,2026 OCT 13 13:26:58,2026 OCT 13 13:14:16,2026 OCT 13 13:26:58,N/A,N/A,2026 OCT 13 13:21:36,2026 OCT 13 13:26:58,2026 OCT 13 13:22:06,-64.5036,-69.0574,2026 OCT 13 13:26:28,-56.2007,-65.6991,2026 OCT 13 13:25:43,33.182,2258,17.9011,6.5318,31.5669,N/A,58.3277,89.7242,10,480,697,30,30,762,3,1,13,13,0,0,0,0,0,0,0,0,0,0,450,322,300,1135,1400002C000A01E002B91E1E02FA0301000D000D0000000000000000000000000000000001C20142012C046F
1,1,64,0,209,39653,0,0,0,1,0,2026 OCT 13 15:12:04,2026 OCT 13 15:24:56,2026 OCT 13 15:12:14,2026 OCT 13 15:24:56,N/A,N/A,2026 OCT 13 15:19:34,2026 OCT 13 15:24:56,2026 OCT 13 15:20:04,-64.4067,-97.777,2026 OCT 13 15:24:26,-55.9762,-96.5006,2026 OCT 13 15:23:41,33.4328,2254,17.7617,6.5719,31.5669,N/A,58.3277,89.7242,10,480,697,30,30,762,3,1,13,13,0,0,0,0,0,0,0,0,0,0,450,322,300,1135,1400002C000A01E002B91E1E02FA0301000D000D0000000000000000000000000000000001C20142012C046F
1,1,65,0,211,39655,0,0,0,1,0,2026 OCT 13 19:07:52,2026 OCT 13 19:20:47,2026 OCT 13 19:08:02,2026 OCT 13 19:20:47,N/A,N/A,2026 OCT 13 19:15:22,2026 OCT 13 19:20:47,2026 OCT 13 19:15:52,-64.3461,-155.2188,2026 OCT 13 19:20:17,-55.7511,-152.9155,2026 OCT 13 19:19:32,33.9118,2246,17.8272,6.652,31.8508,N/A,58.8711,90.5499,10,480,700,30,30,765,3,1,13,13,0,0,0,0,0,0,0,0,0,0,450,325,300,1144,1400002C000A01E002BC1E1E02FD0301000D000D0000000000000000000000000000000001C20145012C0478
1,1,66,0,213,39657,0,0,0,1,0,2026 OCT 13 23:03:43,2026 OCT 13 23:16:39,2026 OCT 13 23:03:53,2026 OCT 13 23:16:39,N/A,N/A,2026 OCT 13 23:11:13,2026 OCT 13 23:16:39,2026 OCT 13 23:11:43,-64.0169,147.3993,2026 OCT 13 23:16:09,-55.2389,148.5249,2026 OCT 13 23:15:24,34.3696,2239,17.75,6.7321,31.9455,N/A,59.0522,90.8251,10,480,701,30,30,766,3,1,13,13,0,0,0,0,0,0,0,0,0,0,450,326,300,1147,1400002C000A01E002BD1E1E02FE0301000D000D0000000000000000000000000000000001C20146012C047B
1,1,67,0,216,39660,0,0,0,1,0,2026 OCT 14 04:57:39,2026 OCT 14 05:10:39,2026 OCT 14 04:57:49,2026 OCT 14 05:10:39,N/A,N/A,2026 OCT 14 05:05:09,2026 OCT 14 05:10:39,2026 OCT 14 05:05:39,-63.692,61.2438,2026 OCT 14 05:10:09,-54.6963,64.513,2026 OCT 14 05:09:22,35.098,2225,17.8928,6.8523,32.324,N/A,59.7768,91.9261,10,480,703,30,30,770,3,1,13,13,0,0,0,0,0,0,0,0,0,0,450,330,300,902,1400002C000A01E002BF1E1E03020301000D000D0000000000000000000000000000000001C2014A012C0386
1,1,68,0,217,39661,0,0,0,1,0,2026 OCT 14 06:55:33,2026 OCT 14 07:08:34,2026 OCT 14 06:55:43,2026 OCT 14 07:08:34,N/A,N/A,2026 OCT 14 07:03:03,2026 OCT 14 07:08:34,2026 OCT 14 07:03:33,-63.6683,32.5221,2026 OCT 14 07:08:04,-54.5756,35.399,2026 OCT 14 07:07:17,35.3318,2222,17.865,6.8923,32.4187,N/A,59.958,92.2013,10,480,704,30,30,771,3,1,13,13,0,0,0,0,0,0,0,0,0,0,450,331,300,905,1400002C000A01E002C01E1E03030301000D000D0000000000000000000000000000000001C2014B012C0389
1,1,69,0,220,39664,0,0,0,1,0,2026 OCT 14 12:49:23,2026 OCT 14 13:02:26,2026 OCT 14 12:49:33,2026 OCT 14 13:02:26,N/A,N/A,2026 OCT 14 12:56:53,2026 OCT 14 13:02:26,2026 OCT 14 12:57:23,-63.1219,-53.5497,2026 OCT 14 13:01:56,-53.799,-50.9072,2026 OCT 14 13:01:09,36.0163,2209,17.8525,7.0124,32.608,N/A,60.3202,92.7518,10,480,706,30,30,773,3,1,13,13,0,0,0,0,0,0,0,0,0,0,450,333,300,911,1400002C000A01E002C21E1E03050301000D000D0000000000000000000000000000000001C2014D012C038F
1,1,70,0,223,39667,0,0,0,1,0,2026 OCT 14 18:43:13,2026 OCT 14 18:56:20,2026 OCT 14 18:43:23,2026 OCT 14 18:56:20,N/A,N/A,2026 OCT 14 18:50:43,2026 OCT 14 18:56:20,2026 OCT 14 18:51:13,-62.8803,-139.7002,2026 OCT 14 18:55:50,-53.2559,-136.9584,2026 OCT 14 18:55:02,36.754,2194,17.8575,7.1324,32.9865,N/A,61.0448,93.8528,10,480,709,30,30,777,3,1,13,13,0,0,0,0,0,0,0,0,0,0,450,337,300,922,1400002C000A01E002C51E1E03090301000D000D0000000000000000000000000000000001C20151012C039A
1,1,71,0,225,39669,0,0,0,1,0,2026 OCT 14 22:39:03,2026 OCT 14 22:52:12,2026 OCT 14 22:39:13,2026 OCT 14 22:52:12,N/A,N/A,2026 OCT 14 22:46:33,2026 OCT 14 22:52:12,2026 OCT 14 22:47:03,-62.5861,162.9146,2026 OCT 14 22:51:42,-52.8014,166.0172,2026 OCT 14 22:50:54,37.2104,2186,17.8828,7.2124,33.1758,N/A,61.4071,94.4032,10,480,711,30,30,779,3,1,13,13,0,0,0,0,0,0,0,0,0,0,450,339,300,928,1400002C000A01E002C71E1E030B0301000D000D0000000000000000000000000000000001C20153012C03A0
1,1,72,0,226,39670,0,0,0,1,0,2026 OCT 15 00:37:02,2026 OCT 15 00:50:11,2026 OCT 15 00:37:12,2026 OCT 15 00:50:11,N/A,N/A,2026 OCT 15 00:44:32,2026 OCT 15 00:50:11,2026 OCT 15 00:45:02,-62.3574,134.2267,2026 OCT 15 00:49:41,-52.459,135.8321,2026 OCT 15 00:48:53,37.4506,2180,17.7847,7.2524,33.1758,N/A,61.4071,94.4032,10,480,711,30,30,779,3,1,13,13,0,0,0,0,0,0,0,0,0,0,450,339,300,928,1400002C000A01E002C71E1E030B0301000D000D0000000000000000000000000000000001C20153012C03A0
1,1,73,0,230,39674,0,0,0,1,0,2026 OCT 15 08:28:50,2026 OCT 15 08:42:04,2026 OCT 15 08:29:00,2026 OCT 15 08:42:04,N/A,N/A,2026 OCT 15 08:36:20,2026 OCT 15 08:42:04,2026 OCT 15 08:36:50,-62.0414,19.3555,2026 OCT 15 08:41:34,-51.7663,21.4201,2026 OCT 15 08:40:45,38.4055,2160,17.8133,7.4123,33.649,N/A,62.3128,95.7794,10,480,715,30,30,784,3,1,13,13,0,0,0,0,0,0,0,0,0,0,450,344,300,942,1400002C000A01E002CB1E1E03100301000D000D0000000000000000000000000000000001C20158012C03AE
1,1,74,0,233,39677,0,0,0,1,0,2026 OCT 15 14:22:46,2026 OCT 15 14:36:03,2026 OCT 15 14:22:56,2026 OCT 15 14:36:03,N/A,N/A,2026 OCT 15 14:30:16,2026 OCT 15 14:36:03,2026 OCT 15 14:30:46,-61.3996,-66.7152,2026 OCT 15 14:35:33,-50.8872,-63.8854,2026 OCT 15 14:34:43,39.1028,2145,17.8694,7.5323,33.933,N/A,62.8562,96.6051,10,480,717,30,30,787,3,1,13,13,0,0,0,0,0,0,0,0,0,0,450,347,300,950,1400002C000A01E002CD1E1E03130301000D000D0000000000000000000000000000000001C2015B012C03B6
1,1,75,0,235,39679,0,0,0,1,0,2026 OCT 15 18:18:38,2026 OCT 15 18:31:59,2026 OCT 15 18:18:48,2026 OCT 15 18:31:59,N/A,N/A,2026 OCT 15 18:26:08,2026 OCT 15 18:31:59,2026 OCT 15 18:26:38,-61.2783,-124.1504,2026 OCT 15 18:31:29,-50.5052,-121.3398,2026 OCT 15 18:30:38,39.5987,2133,17.8669,7.6122,34.3115,N/A,63.5808,97.7061,10,480,720,30,30,791,3,1,13,13,0,0,0,0,0,0,0,0,0,0,450,351,300,961,1400002C000A01E002D01E1E03170301000D000D0000000000000000000000000000000001C2015F012C03C1
1,1,76,0,237,39681,0,0,0,1,0,2026 OCT 15 22:14:26,2026 OCT 15 22:27:50,2026 OCT 15 22:14:36,2026 OCT 15 22:27:50,N/A,N/A,2026 OCT 15 22:21:56,2026 OCT 15 22:27:50,2026 OCT 15 22:22:26,-61.0734,178.4518,2026 OCT 15 22:27:20,-50.0872,-178.6725,2026 OCT 15 22:26:29,40.0566,2124,17.8714,7.692,34.5955,N/A,64.1242,98.5318,10,480,723,30,30,794,3,1,13,13,0,0,0,0,0,0,0,0,0,0,450,354,300,970,1400002C000A01E002D31E1E031A0301000D000D0000000000000000000000000000000001C20162012C03CA
1,1,77,0,239,39683,0,0,0,1,0,2026 OCT 16 02:10:24,2026 OCT 16 02:23:49,2026 OCT 16 02:10:34,2026 OCT 16 02:23:49,N/A,N/A,2026 OCT 16 02:17:54,2026 OCT 16 02:23:49,2026 OCT 16 02:18:24,-60.619,121.0752,2026 OCT 16 02:23:19,-49.4409,122.9365,2026 OCT 16 02:22:28,40.5303,2110,17.8075,7.7719,34.6901,N/A,64.3054,98.807,10,480,724,30,30,795,3,1,13,13,0,0,0,0,0,0,0,0,0,0,450,355,300,973,1400002C000A01E002D41E1E031B0301000D000D0000000000000000000000000000000001C20163012C03CD
1,1,78,0,241,39685,0,0,0,1,0,2026 OCT 16 06:06:21,2026 OCT 16 06:19:50,2026 OCT 16 06:06:31,2026 OCT 16 06:19:50,N/A,N/A,2026 OCT 16 06:13:51,2026 OCT 16 06:19:50,2026 OCT 16 06:14:21,-60.4494,63.6329,2026 OCT 16 06:19:20,-49.0532,66.5313,2026 OCT 16 06:18:28,41.0137,2099,17.8764,7.8518,35.0687,N/A,65.0299,99.908,10,480,727,30,30,799,3,1,13,13,0,0,0,0,0,0,0,0,0,0,450,359,300,984,1400002C000A01E002D71E1E031F0301000D000D0000000000000000000000000000000001C20167012C03D8
1,1,79,0,244,39688,0,0,0,1,0,2026 OCT 16 12:00:07,2026 OCT 16 12:13:39,2026 OCT 16 12:00:17,2026 OCT 16 12:13:39,N/A,N/A,2026 OCT 16 12:07:37,2026 OCT 16 12:13:39,2026 OCT 16 12:08:07,-59.9771,-22.4384,2026 OCT 16 12:13:09,-48.2633,-20.5634,2026 OCT 16 12:12:17,41.6928,2082,17.8106,7.9715,35.3526,N/A,65.5734,100.7337,10,480,730,30,30,802,3,1,13,13,0,0,0,0,0,0,0,0,0,0,450,362,300,993,1400002C000A01E002DA1E1E03220301000D000D0000000000000000000000000000000001C2016A012C03E1
1,1,80,0,246,39690,0,0,0,1,0,2026 OCT 16 15:56:09,2026 OCT 16 16:09:43,2026 OCT 16 15:56:19,2026 OCT 16 16:09:43,N/A,N/A,2026 OCT 16 16:03:39,2026 OCT 16 16:09:43,2026 OCT 16 16:04:09,-59.5372,-79.8355,2026 OCT 16 16:09:13,-47.6297,-78.0394,2026 OCT 16 16:08:20,42.179,2068,17.8089,8.0514,35.5419,N/A,65.9356,101.2842,10,480,731,30,30,804,3,1,13,13,0,0,0,0,0,0,0,0,0,0,450,364,300,998,1400002C000A01E002DB1E1E03240301000D000D0000000000000000000000000000000001C2016C012C03E6
1,1,81,0,247,39691,0,0,0,1,0,2026 OCT 16 17:54:05,2026 OCT 16 18:07:42,2026 OCT 16 17:54:15,2026 OCT 16 18:07:42,N/A,N/A,2026 OCT 16 18:01:35,2026 OCT 16 18:07:42,2026 OCT 16 18:02:05,-59.4765,-108.5515,2026 OCT 16 18:07:12,-47.4341,-105.8861,2026 OCT 16 18:06:18,42.4285,2062,17.8667,8.0913,35.8258,N/A,66.4791,102.1099,10,480,733,30,30,807,3,1,13,13,0,0,0,0,0,0,0,0,0,0,450,367,300,1006,1400002C000A01E002DD1E1E03270301000D000D0000000000000000000000000000000001C2016F012C03EE
1,1,82,0,250,39694,0,0,0,1,0,2026 OCT 16 23:47:51,2026 OCT 17 00:01:32,2026 OCT 16 23:48:01,2026 OCT 17 00:01:32,N/A,N/A,2026 OCT 16 23:55:21,2026 OCT 17 00:01:32,2026 OCT 16 23:55:51,-59.0367,165.3699,2026 OCT 17 00:01:02,-46.6473,167.3957,2026 OCT 17 00:00:08,43.1179,2043,17.8261,8.2109,36.2044,N/A,67.2036,103.2108,10,480,737,30,30,811,3,1,13,13,0,0,0,0,0,0,0,0,0,0,450,371,300,1018,1400002C000A01E002E11E1E032B0301000D000D0000000000000000000000000000000001C20173012C03FA
1,1,83,0,252,39696,0,0,0,1,0,2026 OCT 17 03:43:51,2026 OCT 17 03:57:35,2026 OCT 17 03:44:01,2026 OCT 17 03:57:35,N/A,N/A,2026 OCT 17 03:51:21,2026 OCT 17 03:57:35,2026 OCT 17 03:51:51,-58.6288,107.973,2026 OCT 17 03:57:05,-45.9978,109.8619,2026 OCT 17 03:56:10,43.6006,2028,17.8203,8.2907,36.4883,N/A,67.7471,104.0366,10,480,739,30,30,814,3,1,13,13,0,0,0,0,0,0,0,0,0,0,450,374,300,1026,1400002C000A01E002E31E1E032E0301000D000D0000000000000000000000000000000001C20176012C0402
1,1,84,0,254,39698,0,0,0,1,0,2026 OCT 17 07:39:46,2026 OCT 17 07:53:34,2026 OCT 17 07:39:56,2026 OCT 17 07:53:34,N/A,N/A,2026 OCT 17 07:47:16,2026 OCT 17 07:53:34,2026 OCT 17 07:47:46,-58.4957,50.533,2026 OCT 17 07:53:04,-45.5907,52.3829,2026 OCT 17 07:52:09,44.0797,2015,17.8172,8.3704,36.8669,N/A,68.4716,105.1375,10,480,743,30,30,818,3,1,13,13,0,0,0,0,0,0,0,0,0,0,450,378,300,1038,1400002C000A01E002E71E1E03320301000D000D0000000000000000000000000000000001C2017A012C040E
1,1,85,0,256,39700,0,0,0,1,0,2026 OCT 17 11:35:34,2026 OCT 17 11:49:26,2026 OCT 17 11:35:44,2026 OCT 17 11:49:26,N/A,N/A,2026 OCT 17 11:43:04,2026 OCT 17 11:49:26,2026 OCT 17 11:43:34,-58.2005,-6.8409,2026 OCT 17 11:48:56,-45.0423,-4.6656,2026 OCT 17 11:48:00,44.5321,2001,17.8408,8.4501,37.2454,N/A,69.1962,106.2385,10,480,746,30,30,822,3,1,13,13,0,0,0,0,0,0,0,0,0,0,450,382,300,1049,1400002C000A01E002EA1E1E03360301000D000D0000000000000000000000000000000001C2017E012C0419
1,1,86,0,259,39703,0,0,0,1,0,2026 OCT 17 17:29:36,2026 OCT 17 17:43:32,2026 OCT 17 17:29:46,2026 OCT 17 17:43:32,N/A,N/A,2026 OCT 17 17:37:06,2026 OCT 17 17:43:32,2026 OCT 17 17:37:36,-57.5015,-92.9248,2026 OCT 17 17:43:02,-43.9828,-91.2394,2026 OCT 17 17:42:05,45.256,1977,17.8142,8.5697,37.624,N/A,69.9208,107.3394,10,480,749,30,30,826,3,1,13,13,0,0,0,0,0,0,0,0,0,0,450,386,300,1060,1400002C000A01E002ED1E1E033A0301000D000D0000000000000000000000000000000001C20182012C0424
1,1,87,0,261,39705,0,0,0,1,0,2026 OCT 17 21:25:24,2026 OCT 17 21:39:26,2026 OCT 17 21:25:34,2026 OCT 17 21:39:26,N/A,N/A,2026 OCT 17 21:32:54,2026 OCT 17 21:39:26,2026 OCT 17 21:33:24,-57.3893,-150.3395,2026 OCT 17 21:38:56,-43.556,-147.7272,2026 OCT 17 21:37:57,45.7307,1963,17.8758,8.6493,38.1919,N/A,71.0076,108.9908,10,480,753,30,30,832,3,1,13,13,0,0,0,0,0,0,0,0,0,0,450,392,300,1076,1400002C000A01E002F11E1E03400301000D000D0000000000000000000000000000000001C20188012C0434
1,1,88,0,262,39706,0,0,0,1,0,2026 OCT 17 23:23:20,2026 OCT 17 23:37:23,2026 OCT 17 23:23:30,2026 OCT 17 23:37:23,N/A,N/A,2026 OCT 17 23:30:50,2026 OCT 17 23:37:23,2026 OCT 17 23:31:20,-57.162,-179.0166,2026 OCT 17 23:36:53,-43.17,-177.6409,2026 OCT 17 23:35:55,45.9546,1955,17.7953,8.6892,38.2865,N/A,71.1888,109.2661,10,480,755,30,30,833,3,1,13,13,0,0,0,0,0,0,0,0,0,0,450,393,300,1080,1400002C000A01E002F31E1E03410301000D000D0000000000000000000000000000000001C20189012C0438
1,1,89,0,268,39712,0,0,0,1,0,2026 OCT 18 11:11:06,2026 OCT 18 11:25:21,2026 OCT 18 11:11:16,2026 OCT 18 11:25:21,N/A,N/A,2026 OCT 18 11:18:36,2026 OCT 18 11:25:21,2026 OCT 18 11:19:06,-56.1426,8.8033,2026 OCT 18 11:24:51,-41.3236,10.5635,2026 OCT 18 11:23:50,47.3649,1905,17.8286,8.928,39.4222,N/A,73.3625,112.5689,10,480,764,30,30,845,3,1,13,13,0,0,0,0,0,0,0,0,0,0,450,405,300,1113,1400002C000A01E002FC1E1E034D0301000D000D0000000000000000000000000000000001C20195012C0459
1,1,90,0,269,39713,0,0,0,1,0,2026 OCT 18 13:09:07,2026 OCT 18 13:23:24,2026 OCT 18 13:09:17,2026 OCT 18 13:23:24,N/A,N/A,2026 OCT 18 13:16:37,2026 OCT 18 13:23:24,2026 OCT 18 13:17:07,-55.7898,-19.8676,2026 OCT 18 13:22:54,-40.8614,-17.585,2026 OCT 18 13:21:52,47.5838,1896,17.8675,8.9678,39.6115,N/A,73.7247,113.1194,10,480,765,30,30,847,3,1,13,13,0,0,0,0,0,0,0,0,0,0,450,407,300,1118,1400002C000A01E002FD1E1E034F0301000D000D0000000000000000000000000000000001C20197012C045E
1,1,91,0,271,39715,0,0,0,1,0,2026 OCT 18 17:05:10,2026 OCT 18 17:19:31,2026 OCT 18 17:05:20,2026 OCT 18 17:19:31,N/A,N/A,2026 OCT 18 17:12:40,2026 OCT 18 17:19:31,2026 OCT 18 17:13:10,-55.2895,-77.2585,2026 OCT 18 17:19:01,-40.0621,-75.1748,2026 OCT 18 17:17:59,48.0711,1876,17.8589,9.0475,39.9901,N/A,74.4493,114.2204,10,480,769,30,30,851,3,1,13,13,0,0,0,0,0,0,0,0,0,0,450,411,300,875,1400002C000A01E003011E1E03530301000D000D0000000000000000000000000000000001C2019B012C036B
1,1,92,0,274,39718,0,0,0,1,0,2026 OCT 18 22:58:56,2026 OCT 18 23:13:25,2026 OCT 18 22:59:06,2026 OCT 18 23:13:25,N/A,N/A,2026 OCT 18 23:06:26,2026 OCT 18 23:13:25,2026 OCT 18 23:06:56,-54.9445,-163.3554,2026 OCT 18 23:12:55,-39.1813,-161.5194,2026 OCT 18 23:11:51,48.7796,1849,17.8444,9.1668,40.7472,N/A,75.8984,116.4223,10,480,775,30,30,859,3,1,13,13,0,0,0,0,0,0,0,0,0,0,450,419,300,897,1400002C000A01E003071E1E035B0301000D000D0000000000000000000000000000000001C201A3012C0381
1,1,93,0,276,39720,0,0,0,1,0,2026 OCT 19 02:54:56,2026 OCT 19 03:09:29,2026 OCT 19 02:55:06,2026 OCT 19 03:09:29,N/A,N/A,2026 OCT 19 03:02:26,2026 OCT 19 03:09:29,2026 OCT 19 03:02:56,-54.3242,139.2899,2026 OCT 19 03:08:59,-38.2295,140.436,2026 OCT 19 03:07:55,49.2415,1828,17.805,9.2463,41.1258,N/A,76.623,117.5232,10,480,779,30,30,863,3,1,13,13,0,0,0,0,0,0,0,0,0,0,450,423,300,909,1400002C000A01E0030B1E1E035F0301000D000D0000000000000000000000000000000001C201A7012C038D
1,1,94,0,281,39725,0,0,0,1,0,2026 OCT 19 12:44:43,2026 OCT 19 12:59:31,2026 OCT 19 12:44:53,2026 OCT 19 12:59:31,N/A,N/A,2026 OCT 19 12:52:13,2026 OCT 19 12:59:31,2026 OCT 19 12:52:43,-53.5094,-4.1967,2026 OCT 19 12:59:01,-36.5354,-1.747,2026 OCT 19 12:57:53,50.4073,1777,17.8992,9.4451,42.5454,N/A,79.3401,121.6518,10,480,790,30,30,878,3,1,13,13,0,0,0,0,0,0,0,0,0,0,450,438,300,950,1400002C000A01E003161E1E036E0301000D000D0000000000000000000000000000000001C201B6012C03B6
1,1,95,0,284,39728,0,0,0,1,0,2026 OCT 19 18:38:48,2026 OCT 19 18:53:43,2026 OCT 19 18:38:58,2026 OCT 19 18:53:43,N/A,N/A,2026 OCT 19 18:46:18,2026 OCT 19 18:53:43,2026 OCT 19 18:46:48,-52.6602,-90.2691,2026 OCT 19 18:53:13,-35.1268,-88.8889,2026 OCT 19 18:52:04,51.1318,1741,17.8364,9.5644,43.2079,N/A,80.6081,123.5785,10,480,796,30,30,885,3,1,13,13,0,0,0,0,0,0,0,0,0,0,450,445,300,970,1400002C000A01E0031C1E1E03750301000D000D0000000000000000000000000000000001C201BD012C03CA
1,1,96,0,286,39730,0,0,0,1,0,2026 OCT 19 22:34:38,2026 OCT 19 22:49:41,2026 OCT 19 22:34:48,2026 OCT 19 22:49:41,N/A,N/A,2026 OCT 19 22:42:08,2026 OCT 19 22:49:41,2026 OCT 19 22:42:38,-52.4378,-147.6647,2026 OCT 19 22:49:11,-34.4728,-145.4284,2026 OCT 19 22:48:00,51.602,1719,17.8956,9.6438,43.965,N/A,82.0573,125.7804,10,480,802,30,30,893,3,1,13,13,0,0,0,0,0,0,0,0,0,0,450,453,300,992,1400002C000A01E003221E1E037D0301000D000D0000000000000000000000000000000001C201C5012C03E0
1,1,97,0,287,39731,0,0,0,1,0,2026 OCT 20 00:32:37,2026 OCT 20 00:47:42,2026 OCT 20 00:32:47,2026 OCT 20 00:47:42,N/A,N/A,2026 OCT 20 00:40:07,2026 OCT 20 00:47:42,2026 OCT 20 00:40:37,-52.0759,-176.3298,2026 OCT 20 00:47:12,-33.9694,-173.9903,2026 OCT 20 00:46:00,51.8237,1707,17.9064,9.6835,44.1543,N/A,82.4195,126.3308,10,480,803,30,30,895,3,1,13,13,0,0,0,0,0,0,0,0,0,0,450,455,300,997,1400002C000A01E003231E1E037F0301000D000D0000000000000000000000000000000001C201C7012C03E5
1,1,98,0,292,39736,0,0,0,1,0,2026 OCT 20 10:22:33,2026 OCT 20 10:37:55,2026 OCT 20 10:22:43,2026 OCT 20 10:37:55,N/A,N/A,2026 OCT 20 10:30:03,2026 OCT 20 10:37:55,2026 OCT 20 10:30:33,-51.0519,40.1865,2026 OCT 20 10:37:25,-31.8305,42.0618,2026 OCT 20 10:36:09,53.0079,1644,17.8858,9.8821,45.7632,N/A,85.499,131.0099,10,480,816,30,30,912,3,1,13,13,0,0,0,0,0,0,0,0,0,0,450,472,300,1044,1400002C000A01E003301E1E03900301000D000D0000000000000000000000000000000001C201D8012C0414
1,1,99,0,293,39737,0,0,0,1,0,2026 OCT 20 12:20:29,2026 OCT 20 12:35:55,2026 OCT 20 12:20:39,2026 OCT 20 12:35:55,N/A,N/A,2026 OCT 20 12:27:59,2026 OCT 20 12:35:55,2026 OCT 20 12:28:29,-50.7869,11.5139,2026 OCT 20 12:35:25,-31.3376,13.6656,2026 OCT 20 12:34:08,53.2275,1631,17.9072,9.9218,46.1418,N/A,86.2235,132.1108,10,480,819,30,30,916,3,1,13,13,0,0,0,0,0,0,0,0,0,0,450,476,300,1055,1400002C000A01E003331E1E03940301000D000D0000000000000000000000000000000001C201DC012C041F
1,1,100,0,296,39740,0,0,0,1,0,2026 OCT 20 18:14:38,2026 OCT 20 18:30:14,2026 OCT 20 18:14:48,2026 OCT 20 18:30:14,N/A,N/A,2026 OCT 20 18:22:08,2026 OCT 20 18:30:14,2026 OCT 20 18:22:38,-49.7149,-74.5396,2026 OCT 20 18:29:44,-29.5778,-72.9867,2026 OCT 20 18:28:25,53.9324,1585,17.8789,10.0409,47.0882,N/A,88.0349,134.8632,10,480,827,30,30,926,3,1,13,13,0,0,0,0,0,0,0,0,0,0,450,486,300,1083,1400002C000A01E0033B1E1E039E0301000D000D0000000000000000000000000000000001C201E6012C043B
1,1,101,0,298,39742,0,0,0,1,0,2026 OCT 20 22:10:30,2026 OCT 20 22:26:16,2026 OCT 20 22:10:40,2026 OCT 20 22:26:16,N/A,N/A,2026 OCT 20 22:18:00,2026 OCT 20 22:26:16,2026 OCT 20 22:18:30,-49.4717,-131.9383,2026 OCT 20 22:25:46,-28.7197,-130.5705,2026 OCT 20 22:24:25,54.413,1555,17.8697,10.1203,48.0346,N/A,89.8464,137.6156,10,480,835,30,30,936,3,1,13,13,0,0,0,0,0,0,0,0,0,0,450,496,300,1111,1400002C000A01E003431E1E03A80301000D000D0000000000000000000000000000000001C201F0012C0457
1,1,102,0,299,39743,0,0,0,1,0,2026 OCT 21 00:08:27,2026 OCT 21 00:24:17,2026 OCT 21 00:08:37,2026 OCT 21 00:24:17,N/A,N/A,2026 OCT 21 00:15:57,2026 OCT 21 00:24:17,2026 OCT 21 00:16:27,-49.1969,-160.6141,2026 OCT 21 00:23:47,-28.2031,-159.1654,2026 OCT 21 00:22:25,54.6336,1541,17.8781,10.1599,48.4132,N/A,90.5709,138.7165,10,480,838,30,30,940,3,1,13,13,0,0,0,0,0,0,0,0,0,0,450,500,300,1122,1400002C000A01E003461E1E03AC0301000D000D0000000000000000000000000000000001C201F4012C0462
1,1,103,0,301,39745,0,0,0,1,0,2026 OCT 21 04:04:31,2026 OCT 21 04:20:29,2026 OCT 21 04:04:41,2026 OCT 21 04:20:29,N/A,N/A,2026 OCT 21 04:12:01,2026 OCT 21 04:20:29,2026 OCT 21 04:12:31,-48.4106,142.0348,2026 OCT 21 04:19:59,-26.9251,143.6853,2026 OCT 21 04:18:35,55.0925,1507,17.9003,10.2393,49.1703,N/A,92.0201,140.9184,10,480,844,30,30,948,3,1,13,13,0,0,0,0,0,0,0,0,0,0,450,508,300,1144,1400002C000A01E0034C1E1E03B40301000D000D0000000000000000000000000000000001C201FC012C0478
1,1,104,0,303,39747,0,0,0,1,0,2026 OCT 21 08:00:34,2026 OCT 21 08:16:41,2026 OCT 21 08:00:44,2026 OCT 21 08:16:41,N/A,N/A,2026 OCT 21 08:08:04,2026 OCT 21 08:16:41,2026 OCT 21 08:08:34,-47.9742,84.6254,2026 OCT 21 08:16:11,-25.9398,86.5318,2026 OCT 21 08:14:44,55.5747,1476,17.9225,10.3186,50.0221,N/A,93.6503,143.3956,10,480,850,30,30,957,3,1,13,13,0,0,0,0,0,0,0,0,0,0,450,517,300,913,1400002C000A01E003521E1E03BD0301000D000D0000000000000000000000000000000001C20205012C0391
1,1,105,0,306,39750,0,0,0,1,0,2026 OCT 21 13:54:26,2026 OCT 21 14:10:49,2026 OCT 21 13:54:36,2026 OCT 21 14:10:49,N/A,N/A,2026 OCT 21 14:01:56,2026 OCT 21 14:10:49,2026 OCT 21 14:02:26,-47.1813,-1.4146,2026 OCT 21 14:10:19,-24.1965,0.61641,2026 OCT 21 14:08:48,56.2454,1423,17.9403,10.4376,51.5364,N/A,96.5486,147.7994,10,480,862,30,30,973,3,1,13,13,0,0,0,0,0,0,0,0,0,0,450,533,300,957,1400002C000A01E0035E1E1E03CD0301000D000D0000000000000000000000000000000001C20215012C03BD
1,1,106,0,307,39751,0,0,0,1,0,2026 OCT 21 15:52:32,2026 OCT 21 16:08:59,2026 OCT 21 15:52:42,2026 OCT 21 16:08:59,N/A,N/A,2026 OCT 21 16:00:02,2026 OCT 21 16:08:59,2026 OCT 21 16:00:32,-46.691,-30.0919,2026 OCT 21 16:08:29,-23.4256,-28.4431,2026 OCT 21 16:06:57,56.4699,1404,17.9203,10.4772,51.915,N/A,97.2732,148.9003,10,480,865,30,30,977,3,1,13,13,0,0,0,0,0,0,0,0,0,0,450,537,300,968,1400002C000A01E003611E1E03D10301000D000D0000000000000000000000000000000001C20219012C03C8
1,1,107,0,309,39753,0,0,0,1,0,2026 OCT 21 19:48:36,2026 OCT 21 20:05:15,2026 OCT 21 19:48:46,2026 OCT 21 20:05:15,N/A,N/A,2026 OCT 21 19:56:06,2026 OCT 21 20:05:15,2026 OCT 21 19:56:36,-46.0934,-87.4796,2026 OCT 21 20:04:45,-22.0745,-86.2039,2026 OCT 21 20:03:10,56.9706,1361,17.9031,10.5566,53.0507,N/A,99.4469,152.2032,10,480,874,30,30,989,3,1,13,13,0,0,0,0,0,0,0,0,0,0,450,549,300,1001,1400002C000A01E0036A1E1E03DD0301000D000D0000000000000000000000000000000001C20225012C03E9
1,1,108,0,312,39756,0,0,0,1,0,2026 OCT 22 01:42:31,2026 OCT 22 01:59:29,2026 OCT 22 01:42:41,2026 OCT 22 01:59:29,N/A,N/A,2026 OCT 22 01:50:01,2026 OCT 22 01:59:29,2026 OCT 22 01:50:31,-45.2124,-173.5202,2026 OCT 22 01:58:59,-20.0952,-171.7729,2026 OCT 22 01:57:19,57.6511,1301,17.9456,10.6754,54.8489,N/A,102.8886,157.4327,10,480,888,30,30,1008,3,1,13,13,0,0,0,0,0,0,0,0,0,0,450,568,300,1053,1400002C000A01E003781E1E03F00301000D000D0000000000000000000000000000000001C20238012C041D
1,1,109,0,316,39760,0,0,0,1,0,2026 OCT 22 09:34:40,2026 OCT 22 09:52:05,2026 OCT 22 09:34:50,2026 OCT 22 09:52:05,N/A,N/A,2026 OCT 22 09:42:10,2026 OCT 22 09:52:05,2026 OCT 22 09:42:40,-43.9713,71.7039,2026 OCT 22 09:51:35,-17.1992,73.0455,2026 OCT 22 09:49:47,58.5991,1210,17.9347,10.834,57.4042,N/A,107.7794,164.8641,10,480,907,30,30,1035,3,1,13,13,0,0,0,0,0,0,0,0,0,0,450,595,300,871,1400002C000A01E0038B1E1E040B0301000D000D0000000000000000000000000000000001C20253012C0367
1,1,110,0,318,39762,0,0,0,1,0,2026 OCT 22 13:30:34,2026 OCT 22 13:48:17,2026 OCT 22 13:30:44,2026 OCT 22 13:48:17,N/A,N/A,2026 OCT 22 13:38:04,2026 OCT 22 13:48:17,2026 OCT 22 13:38:34,-43.4106,14.3483,2026 OCT 22 13:47:47,-15.626,16.042,2026 OCT 22 13:45:54,59.0447,1159,17.9667,10.9132,59.1078,N/A,111.04,169.8184,10,480,920,30,30,1053,3,1,13,13,0,0,0,0,0,0,0,0,0,0,450,613,300,920,1400002C000A01E003981E1E041D0301000D000D0000000000000000000000000000000001C20265012C0398
1,1,111,0,320,39764,0,0,0,1,0,2026 OCT 22 17:26:48,2026 OCT 22 17:44:47,2026 OCT 22 17:26:58,2026 OCT 22 17:44:47,N/A,N/A,2026 OCT 22 17:34:18,2026 OCT 22 17:44:47,2026 OCT 22 17:34:48,-42.3099,-43.0065,2026 OCT 22 17:44:17,-13.5777,-41.3366,2026 OCT 22 17:42:18,59.4936,1103,17.9786,10.9925,60.622,N/A,113.9382,174.2222,10,480,930,30,30,1069,3,1,13,13,0,0,0,0,0,0,0,0,0,0,450,629,300,962,1400002C000A01E003A21E1E042D0301000D000D0000000000000000000000000000000001C20275012C03C2
1,1,112,0,322,39766,0,0,0,1,0,2026 OCT 22 21:22:50,2026 OCT 22 21:41:11,2026 OCT 22 21:23:00,2026 OCT 22 21:41:11,N/A,N/A,2026 OCT 22 21:30:20,2026 OCT 22 21:41:11,2026 OCT 22 21:30:50,-41.7186,-100.3915,2026 OCT 22 21:40:41,-11.7005,-98.7607,2026 OCT 22 21:38:35,59.9967,1037,17.9858,11.0717,62.7042,N/A,117.9234,180.2775,10,480,945,30,30,1091,3,1,13,13,0,0,0,0,0,0,0,0,0,0,450,651,300,1021,1400002C000A01E003B11E1E04430301000D000D0000000000000000000000000000000001C2028B012C03FD
1,1,113,0,323,39767,0,0,0,1,0,2026 OCT 22 23:20:46,2026 OCT 22 23:39:19,2026 OCT 22 23:20:56,2026 OCT 22 23:39:19,N/A,N/A,2026 OCT 22 23:28:16,2026 OCT 22 23:39:19,2026 OCT 22 23:28:46,-41.5452,-129.0821,2026 OCT 22 23:38:49,-10.8308,-127.5828,2026 OCT 22 23:36:40,60.224,1007,17.9808,11.1113,63.8399,N/A,120.0971,183.5803,10,480,954,30,30,1103,3,1,13,13,0,0,0,0,0,0,0,0,0,0,450,663,300,1054,1400002C000A01E003BA1E1E044F0301000D000D0000000000000000000000000000000001C20297012C041E
1,1,114,0,325,39769,0,0,0,1,0,2026 OCT 23 03:16:52,2026 OCT 23 03:35:46,2026 OCT 23 03:17:02,2026 OCT 23 03:35:46,N/A,N/A,2026 OCT 23 03:24:22,2026 OCT 23 03:35:46,2026 OCT 23 03:24:52,-40.4732,173.5866,2026 OCT 23 03:35:16,-8.5412,175.1631,2026 OCT 23 03:32:58,60.6575,938,18.0003,11.1905,65.8274,N/A,123.901,189.3603,10,480,966,30,30,1124,3,1,13,13,0,0,0,0,0,0,0,0,0,0,450,684,300,1108,1400002C000A01E003C61E1E04640301000D000D0000000000000000000000000000000001C202AC012C0454
1,1,115,0,328,39772,0,0,0,1,0,2026 OCT 23 09:11:02,2026 OCT 23 09:30:36,2026 OCT 23 09:11:12,2026 OCT 23 09:30:36,N/A,N/A,2026 OCT 23 09:18:32,2026 OCT 23 09:30:36,2026 OCT 23 09:19:02,-39.4462,87.4984,2026 OCT 23 09:30:06,-5.1836,88.9598,2026 OCT 23 09:27:33,61.3717,828,18.0106,11.3094,69.613,N/A,131.1467,200.3698,10,480,991,30,30,1164,3,1,13,13,0,0,0,0,0,0,0,0,0,0,450,724,300,1213,1400002C000A01E003DF1E1E048C0301000D000D0000000000000000000000000000000001C202D4012C04BD
1,1,116,0,330,39774,0,0,0,1,0,2026 OCT 23 13:06:58,2026 OCT 23 13:27:06,2026 OCT 23 13:07:08,2026 OCT 23 13:27:06,N/A,N/A,2026 OCT 23 13:14:28,2026 OCT 23 13:27:06,2026 OCT 23 13:14:58,-38.8155,30.1412,2026 OCT 23 13:26:36,-2.5872,31.338,2026 OCT 23 13:23:49,61.8243,737,18.0061,11.3886,72.8309,N/A,137.3055,209.7279,10,480,1011,30,30,1198,3,1,13,13,0,0,0,0,0,0,0,0,0,0,450,758,300,1301,1400002C000A01E003F31E1E04AE0301000D000D0000000000000000000000000000000001C202F6012C0515
1,1,117,0,331,39775,0,0,0,1,0,2026 OCT 23 15:05:04,2026 OCT 23 15:25:32,2026 OCT 23 15:05:14,2026 OCT 23 15:25:32,N/A,N/A,2026 OCT 23 15:12:34,2026 OCT 23 15:25:32,2026 OCT 23 15:13:04,-38.1588,1.4776,2026 OCT 23 15:25:02,-0.8206,2.9536,2026 OCT 23 15:22:06,62.0272,685,18.0356,11.4282,74.7237,N/A,140.9284,215.2327,10,480,1022,30,30,1218,3,1,13,13,0,0,0,0,0,0,0,0,0,0,450,778,300,1097,1400002C000A01E003FE1E1E04C20301000D000D0000000000000000000000000000000001C2030A012C0449
1,1,118,0,332,39776,0,0,0,1,0,2026 OCT 23 17:03:15,2026 OCT 23 17:24:02,2026 OCT 23 17:03:25,2026 OCT 23 17:24:02,N/A,N/A,2026 OCT 23 17:10:45,2026 OCT 23 17:24:02,2026 OCT 23 17:11:15,-37.4333,-27.1979,2026 OCT 23 17:23:32,1.0176,-25.9228,2026 OCT 23 17:20:25,62.2489,628,18.0331,11.4679,76.5219,N/A,144.3701,220.4622,10,480,1030,30,30,1237,3,1,13,13,0,0,0,0,0,0,0,0,0,0,450,797,300,888,1400002C000A01E004061E1E04D50301000D000D0000000000000000000000000000000001C2031D012C0378
1,1,119,0,333,39777,0,0,0,1,0,2026 OCT 23 19:01:21,2026 OCT 23 19:22:36,2026 OCT 23 19:01:31,2026 OCT 23 19:22:36,N/A,N/A,2026 OCT 23 19:08:51,2026 OCT 23 19:22:36,2026 OCT 23 19:09:21,-36.9619,-55.8886,2026 OCT 23 19:22:06,3.0676,-54.5326,2026 OCT 23 19:18:45,62.4967,559,18.0494,11.5076,79.1719,N/A,149.442,228.1688,10,480,1044,30,30,1265,3,1,13,13,0,0,0,0,0,0,0,0,0,0,450,825,300,958,1400002C000A01E004141E1E04F10301000D000D0000000000000000000000000000000001C20339012C03BE
5,5,120,1,334,39778,0,0,0,1,0,2026 OCT 23 20:59:24,2026 OCT 23 21:41:53,2026 OCT 23 20:59:34,2026 OCT 23 21:41:53,N/A,N/A,2026 OCT 23 21:06:54,2026 OCT 23 21:41:53,2026 OCT 23 21:07:24,-36.5657,-84.5776,2026 OCT 23 21:20:43,5.3892,-83.1199,2026 OCT 23 21:17:02,62.7521,477,18.0681,11.5473,199.746,N/A,380.2168,578.8219,10,480,1279,30,30,2539,3,1,13,13,0,0,0,0,0,0,0,0,0,0,450,2099,300,1191,1400002C000A01E004FF1E1E09EB0301000D000D0000000000000000000000000000000001C20833012C04A7
5,5,121,1,335,39779,0,0,0,1,0,2026 OCT 23 22:57:23,2026 OCT 23 23:39:40,2026 OCT 23 22:57:33,2026 OCT 23 23:39:40,N/A,N/A,2026 OCT 23 23:04:53,2026 OCT 23 23:39:40,2026 OCT 23 23:05:23,-36.2754,-113.2648,2026 OCT 23 23:19:21,7.9164,-112.0776,2026 OCT 23 23:15:17,62.99,386,18.0622,11.587,198.6103,N/A,378.0431,575.519,10,480,1318,30,30,2527,3,1,13,13,0,0,0,0,0,0,0,0,0,0,450,2087,300,951,1400002C000A01E005261E1E09DF0301000D000D0000000000000000000000000000000001C20827012C03B7
5,5,122,1,336,39780,0,0,0,1,0,2026 OCT 24 00:55:23,2026 OCT 24 01:37:30,2026 OCT 24 00:55:33,2026 OCT 24 01:37:30,N/A,N/A,2026 OCT 24 01:02:53,2026 OCT 24 01:37:30,2026 OCT 24 01:03:23,-35.865,-141.94,2026 OCT 24 01:18:10,11.1054,-140.8091,2026 OCT 24 01:13:32,63.2022,278,18.0747,11.6268,197.6638,N/A,376.2317,572.7666,10,480,1367,30,30,2517,3,1,13,13,0,0,0,0,0,0,0,0,0,0,450,2077,300,980,1400002C000A01E005571E1E09D50301000D000D0000000000000000000000000000000001C2081D012C03D4
