Orbit 80/40 or 60/60 or OFF (1-11 = 80/40; 101-111 = 60/60; 12 = switch off),Orbit type,Egress solar occultation observation number,Merged Occultation (YES = 1; NO = 0),Thermal orbit/nightside number,ESA orbit number,LNO+UVIS operating (YES = 1; NO = 0),UVIS alone operating (YES = 1; NO = 0),LNO alone operating (YES = 1; NO = 0),SO+UVIS operating (YES = 1; NO = 0),SO alone operating (YES = 1; NO = 0),TC20 execution start time (UTC),TC20 execution end time (UTC),SO start time (UTC),SO end time (UTC),LNO start time (UTC),LNO end time (UTC),UVIS start time (UTC),UVIS end time (UTC),Limb Height 250 km (UTC),Latitude probed @ limb height 250 km (deg),Longitude probed @ limb height 250 km (deg),Limb Height 0 km (UTC),Latitude probed @ limb height 0 km (deg),Longitude probed @ limb height 0 km (deg),Limb Height 50 km: switch SCI1 to SCI2 (UTC),Beta angle (deg),Eclipse duration (Umbra end - Umbra start) (s),Local Solar Time (LST): TGO2SUN vector surface intercept point @ limb height 0 km (h),Solar longitude Ls (deg),SO+SINBAD data volume (Mbit),LNO+SINBAD data volume (Mbit),UVIS+SINBAD data volume (Mbit),Channel(s)+SINBAD data volume (Mbit),TC20 SO_START_TIME,TC20 SO_START_SCIENCE_1,TC20 SO_START_SCIENCE_2,TC20 SO_DURATION_REFERENCE_1,TC20 SO_DURATION_REFERENCE_2,TC20 SO_DURATION_TIME,TC20 SO_COP_GENERAL,TC20 SO_COP_PRECOOLING,TC20 SO_COP_SCIENCE_1,TC20 SO_COP_SCIENCE_2,TC20 LNO_START_TIME,TC20 LNO_START_SCIENCE_1,TC20 LNO_START_SCIENCE_2,TC20 LNO_DURATION_REFERENCE_1,TC20 LNO_DURATION_REFERENCE_2,TC20 LNO_DURATION_TIME,TC20 LNO_COP_GENERAL,TC20 LNO_COP_PRECOOLING,TC20 LNO_COP_SCIENCE_1,TC20 LNO_COP_SCIENCE_2,TC20 UVIS_START_TIME,TC20 UVIS_DURATION_TIME,TC20 UVIS_COP_ROW,TC20 CHECKSUM,TC20 (HEX)
1,1,1,0,7,39452,0,0,0,1,0,2026 SEP 27 02:55:22,2026 SEP 27 03:07:14,2026 SEP 27 02:55:32,2026 SEP 27 03:07:14,N/A,N/A,2026 SEP 27 03:02:52,2026 SEP 27 03:07:14,2026 SEP 27 03:06:44,70.7854,115.6912,2026 SEP 27 03:03:22,67.7856,112.7718,2026 SEP 27 03:03:58,-14.6485,2444,5.8836,358.3893,25.8884,N/A,47.4592,73.2099,10,480,516,30,30,702,3,1,13,13,0,0,0,0,0,0,0,0,0,0,450,262,300,834,1400002C000A01E002041E1E02BE0301000D000D0000000000000000000000000000000001C20106012C0342
1,1,2,0,9,39454,0,0,0,1,0,2026 SEP 27 06:51:19,2026 SEP 27 07:03:10,2026 SEP 27 06:51:29,2026 SEP 27 07:03:10,N/A,N/A,2026 SEP 27 06:58:49,2026 SEP 27 07:03:10,2026 SEP 27 07:02:40,70.9032,58.1855,2026 SEP 27 06:59:19,68.0207,56.4751,2026 SEP 27 06:59:54,-14.163,2446,5.9586,358.4715,25.7937,N/A,47.278,72.9347,10,480,515,30,30,701,3,1,13,13,0,0,0,0,0,0,0,0,0,0,450,261,300,831,1400002C000A01E002031E1E02BD0301000D000D0000000000000000000000000000000001C20105012C033F
1,1,3,0,11,39456,0,0,0,1,0,2026 SEP 27 10:47:12,2026 SEP 27 10:59:03,2026 SEP 27 10:47:22,2026 SEP 27 10:59:03,N/A,N/A,2026 SEP 27 10:54:42,2026 SEP 27 10:59:03,2026 SEP 27 10:58:33,71.1748,0.70673,2026 SEP 27 10:55:12,68.3826,-2.0875,2026 SEP 27 10:55:47,-13.6756,2450,5.8814,358.5537,25.7937,N/A,47.278,72.9347,10,480,515,30,30,701,3,1,13,13,0,0,0,0,0,0,0,0,0,0,450,261,300,831,1400002C000A01E002031E1E02BD0301000D000D0000000000000000000000000000000001C20105012C033F
1,1,4,0,14,39459,0,0,0,1,0,2026 SEP 27 16:40:54,2026 SEP 27 16:52:44,2026 SEP 27 16:41:04,2026 SEP 27 16:52:44,N/A,N/A,2026 SEP 27 16:48:24,2026 SEP 27 16:52:44,2026 SEP 27 16:52:14,71.3638,-85.503,2026 SEP 27 16:48:54,68.7212,-88.6062,2026 SEP 27 16:49:29,-12.9655,2453,5.8519,358.6769,25.6991,N/A,47.0969,72.6594,10,480,515,30,30,700,3,1,13,13,0,0,0,0,0,0,0,0,0,0,450,260,300,829,1400002C000A01E002031E1E02BC0301000D000D0000000000000000000000000000000001C20104012C033D
1,1,5,0,23,39468,0,0,0,1,0,2026 SEP 28 10:22:22,2026 SEP 28 10:34:11,2026 SEP 28 10:22:32,2026 SEP 28 10:34:11,N/A,N/A,2026 SEP 28 10:29:52,2026 SEP 28 10:34:11,2026 SEP 28 10:33:41,72.2063,15.7724,2026 SEP 28 10:30:22,69.9933,12.2331,2026 SEP 28 10:30:57,-10.8108,2463,5.7958,359.0464,25.6045,N/A,46.9157,72.3842,10,480,515,30,30,699,3,1,13,13,0,0,0,0,0,0,0,0,0,0,450,259,300,827,1400002C000A01E002031E1E02BB0301000D000D0000000000000000000000000000000001C20103012C033B
1,1,6,0,27,39472,0,0,0,1,0,2026 SEP 28 18:14:00,2026 SEP 28 18:25:48,2026 SEP 28 18:14:10,2026 SEP 28 18:25:48,N/A,N/A,2026 SEP 28 18:21:30,2026 SEP 28 18:25:48,2026 SEP 28 18:25:18,72.4783,-99.203,2026 SEP 28 18:22:00,70.4617,-102.8026,2026 SEP 28 18:22:35,-9.8588,2466,5.7786,359.2104,25.5098,N/A,46.7346,72.109,10,480,515,30,30,698,3,1,13,13,0,0,0,0,0,0,0,0,0,0,450,258,300,825,1400002C000A01E002031E1E02BA0301000D000D0000000000000000000000000000000001C20102012C0339
1,1,7,0,29,39474,0,0,0,1,0,2026 SEP 28 22:09:57,2026 SEP 28 22:21:44,2026 SEP 28 22:10:07,2026 SEP 28 22:21:44,N/A,N/A,2026 SEP 28 22:17:27,2026 SEP 28 22:21:44,2026 SEP 28 22:21:14,72.6928,-156.719,2026 SEP 28 22:17:57,70.802,-158.6417,2026 SEP 28 22:18:31,-9.3806,2466,5.8839,359.2924,25.4152,N/A,46.5535,71.8337,10,480,514,30,30,697,3,1,13,13,0,0,0,0,0,0,0,0,0,0,450,257,300,822,1400002C000A01E002021E1E02B90301000D000D0000000000000000000000000000000001C20101012C0336
1,1,8,0,36,39481,0,0,0,1,0,2026 SEP 29 11:55:26,2026 SEP 29 12:07:12,2026 SEP 29 11:55:36,2026 SEP 29 12:07:12,N/A,N/A,2026 SEP 29 12:02:56,2026 SEP 29 12:07:12,2026 SEP 29 12:06:42,73.3305,2.0222,2026 SEP 29 12:03:26,71.7668,-0.80001,2026 SEP 29 12:04:00,-7.7072,2472,5.7994,359.5792,25.3205,N/A,46.3723,71.5585,10,480,514,30,30,696,3,1,13,13,0,0,0,0,0,0,0,0,0,0,450,256,300,820,1400002C000A01E002021E1E02B80301000D000D0000000000000000000000000000000001C20100012C0334
1,1,9,0,39,39484,0,0,0,1,0,2026 SEP 29 17:49:07,2026 SEP 29 18:00:53,2026 SEP 29 17:49:17,2026 SEP 29 18:00:53,N/A,N/A,2026 SEP 29 17:56:37,2026 SEP 29 18:00:53,2026 SEP 29 18:00:23,73.5021,-84.2224,2026 SEP 29 17:57:07,72.0538,-88.2977,2026 SEP 29 17:57:42,-6.9956,2475,5.7044,359.702,25.3205,N/A,46.3723,71.5585,10,480,515,30,30,696,3,1,13,13,0,0,0,0,0,0,0,0,0,0,450,256,300,821,1400002C000A01E002031E1E02B80301000D000D0000000000000000000000000000000001C20100012C0335
1,1,10,0,41,39486,0,0,0,1,0,2026 SEP 29 21:45:02,2026 SEP 29 21:56:48,2026 SEP 29 21:45:12,2026 SEP 29 21:56:48,N/A,N/A,2026 SEP 29 21:52:32,2026 SEP 29 21:56:48,2026 SEP 29 21:56:18,73.6784,-141.7508,2026 SEP 29 21:53:02,72.3159,-146.1668,2026 SEP 29 21:53:37,-6.5136,2475,5.6742,359.7838,25.3205,N/A,46.3723,71.5585,10,480,515,30,30,696,3,1,13,13,0,0,0,0,0,0,0,0,0,0,450,256,300,821,1400002C000A01E002031E1E02B80301000D000D0000000000000000000000000000000001C20100012C0335
1,1,11,0,44,39489,0,0,0,1,0,2026 SEP 30 03:38:44,2026 SEP 30 03:50:30,2026 SEP 30 03:38:54,2026 SEP 30 03:50:30,N/A,N/A,2026 SEP 30 03:46:14,2026 SEP 30 03:50:30,2026 SEP 30 03:50:00,73.9832,131.9947,2026 SEP 30 03:46:44,72.7663,127.9196,2026 SEP 30 03:47:19,-5.8139,2477,5.685,359.9066,25.3205,N/A,46.3723,71.5585,10,480,515,30,30,696,3,1,13,13,0,0,0,0,0,0,0,0,0,0,450,256,300,821,1400002C000A01E002031E1E02B80301000D000D0000000000000000000000000000000001C20100012C0335
1,1,12,0,54,39499,0,0,0,1,0,2026 SEP 30 23:18:05,2026 SEP 30 23:29:49,2026 SEP 30 23:18:15,2026 SEP 30 23:29:49,N/A,N/A,2026 SEP 30 23:25:35,2026 SEP 30 23:29:49,2026 SEP 30 23:29:19,74.7503,-155.6438,2026 SEP 30 23:26:05,74.0723,-156.0567,2026 SEP 30 23:26:39,-3.4142,2480,5.8869,0.31539,25.1312,N/A,46.01,71.008,10,480,514,30,30,694,3,1,13,13,0,0,0,0,0,0,0,0,0,0,450,254,300,1071,1400002C000A01E002021E1E02B60301000D000D0000000000000000000000000000000001C200FE012C042F
1,1,13,0,57,39502,0,0,0,1,0,2026 OCT 01 05:11:44,2026 OCT 01 05:23:28,2026 OCT 01 05:11:54,2026 OCT 01 05:23:28,N/A,N/A,2026 OCT 01 05:19:14,2026 OCT 01 05:23:28,2026 OCT 01 05:22:58,74.9843,118.0865,2026 OCT 01 05:19:44,74.3829,114.0172,2026 OCT 01 05:20:18,-2.7131,2482,5.6297,0.43789,25.1312,N/A,46.01,71.008,10,480,514,30,30,694,3,1,13,13,0,0,0,0,0,0,0,0,0,0,450,254,300,1071,1400002C000A01E002021E1E02B60301000D000D0000000000000000000000000000000001C200FE012C042F
1,1,14,0,59,39504,0,0,0,1,0,2026 OCT 01 09:07:40,2026 OCT 01 09:19:25,2026 OCT 01 09:07:50,2026 OCT 01 09:19:25,N/A,N/A,2026 OCT 01 09:15:10,2026 OCT 01 09:19:25,2026 OCT 01 09:18:55,75.1039,60.5271,2026 OCT 01 09:15:40,74.6091,57.0125,2026 OCT 01 09:16:14,-2.2259,2482,5.6572,0.51957,25.2259,N/A,46.1912,71.2833,10,480,514,30,30,695,3,1,13,13,0,0,0,0,0,0,0,0,0,0,450,255,300,1073,1400002C000A01E002021E1E02B70301000D000D0000000000000000000000000000000001C200FF012C0431
1,1,15,0,65,39510,0,0,0,1,0,2026 OCT 01 20:55:09,2026 OCT 01 21:06:53,2026 OCT 01 20:55:19,2026 OCT 01 21:06:53,N/A,N/A,2026 OCT 01 21:02:39,2026 OCT 01 21:06:53,2026 OCT 01 21:06:23,75.583,-112.0828,2026 OCT 01 21:03:09,75.424,-112.7751,2026 OCT 01 21:03:43,-0.78578,2483,5.8161,0.76442,25.1312,N/A,46.01,71.008,10,480,514,30,30,694,3,1,13,13,0,0,0,0,0,0,0,0,0,0,450,254,300,1071,1400002C000A01E002021E1E02B60301000D000D0000000000000000000000000000000001C200FE012C042F
1,1,16,0,67,39512,0,0,0,1,0,2026 OCT 02 00:51:03,2026 OCT 02 01:02:47,2026 OCT 02 00:51:13,2026 OCT 02 01:02:47,N/A,N/A,2026 OCT 02 00:58:33,2026 OCT 02 01:02:47,2026 OCT 02 01:02:17,75.8018,-169.6514,2026 OCT 02 00:59:03,75.7413,-169.9672,2026 OCT 02 00:59:37,-0.3112,2482,5.8308,0.84601,25.1312,N/A,46.01,71.008,10,480,514,30,30,694,3,1,13,13,0,0,0,0,0,0,0,0,0,0,450,254,300,1071,1400002C000A01E002021E1E02B60301000D000D0000000000000000000000000000000001C200FE012C042F
1,1,17,0,69,39514,0,0,0,1,0,2026 OCT 02 04:46:47,2026 OCT 02 04:58:31,2026 OCT 02 04:46:57,2026 OCT 02 04:58:31,N/A,N/A,2026 OCT 02 04:54:17,2026 OCT 02 04:58:31,2026 OCT 02 04:58:01,75.9585,132.8228,2026 OCT 02 04:54:47,75.9104,128.4602,2026 OCT 02 04:55:21,0.15384,2483,5.5506,0.92754,25.1312,N/A,46.01,71.008,10,480,514,30,30,694,3,1,13,13,0,0,0,0,0,0,0,0,0,0,450,254,300,1071,1400002C000A01E002021E1E02B60301000D000D0000000000000000000000000000000001C200FE012C042F
1,1,18,0,71,39516,0,0,0,1,0,2026 OCT 02 08:42:42,2026 OCT 02 08:54:26,2026 OCT 02 08:42:52,2026 OCT 02 08:54:26,N/A,N/A,2026 OCT 02 08:50:12,2026 OCT 02 08:54:26,2026 OCT 02 08:53:56,76.0285,75.2601,2026 OCT 02 08:50:42,76.1348,73.5296,2026 OCT 02 08:51:16,0.63163,2483,5.7158,1.0091,25.1312,N/A,46.01,71.008,10,480,514,30,30,694,3,1,13,13,0,0,0,0,0,0,0,0,0,0,450,254,300,1071,1400002C000A01E002021E1E02B60301000D000D0000000000000000000000000000000001C200FE012C042F
1,1,19,0,79,39524,0,0,0,1,0,2026 OCT 03 00:26:05,2026 OCT 03 00:37:50,2026 OCT 03 00:26:15,2026 OCT 03 00:37:50,N/A,N/A,2026 OCT 03 00:33:35,2026 OCT 03 00:37:50,2026 OCT 03 00:37:20,76.7052,-155.0149,2026 OCT 03 00:34:05,77.1157,-159.841,2026 OCT 03 00:34:39,2.551,2481,5.4636,1.335,25.2259,N/A,46.1912,71.2833,10,480,514,30,30,695,3,1,13,13,0,0,0,0,0,0,0,0,0,0,450,255,300,1073,1400002C000A01E002021E1E02B70301000D000D0000000000000000000000000000000001C200FF012C0431
1,1,20,0,83,39528,0,0,0,1,0,2026 OCT 03 08:17:41,2026 OCT 03 08:29:26,2026 OCT 03 08:17:51,2026 OCT 03 08:29:26,N/A,N/A,2026 OCT 03 08:25:11,2026 OCT 03 08:29:26,2026 OCT 03 08:28:56,76.9532,89.8644,2026 OCT 03 08:25:41,77.4628,82.6491,2026 OCT 03 08:26:16,3.4885,2481,5.2808,1.4978,25.2259,N/A,46.1912,71.2833,10,480,515,30,30,695,3,1,13,13,0,0,0,0,0,0,0,0,0,0,450,255,300,1074,1400002C000A01E002031E1E02B70301000D000D0000000000000000000000000000000001C200FF012C0432
1,1,21,0,88,39533,0,0,0,1,0,2026 OCT 03 18:07:15,2026 OCT 03 18:19:00,2026 OCT 03 18:07:25,2026 OCT 03 18:19:00,N/A,N/A,2026 OCT 03 18:14:45,2026 OCT 03 18:19:00,2026 OCT 03 18:18:30,77.3808,-54.1037,2026 OCT 03 18:15:15,78.2165,-58.9034,2026 OCT 03 18:15:49,4.6936,2480,5.4092,1.7013,25.2259,N/A,46.1912,71.2833,10,480,514,30,30,695,3,1,13,13,0,0,0,0,0,0,0,0,0,0,450,255,300,1073,1400002C000A01E002021E1E02B70301000D000D0000000000000000000000000000000001C200FF012C0431
1,1,22,0,94,39539,0,0,0,1,0,2026 OCT 04 05:54:45,2026 OCT 04 06:06:30,2026 OCT 04 05:54:55,2026 OCT 04 06:06:30,N/A,N/A,2026 OCT 04 06:02:15,2026 OCT 04 06:06:30,2026 OCT 04 06:06:00,77.8611,133.0937,2026 OCT 04 06:02:45,79.004,129.1088,2026 OCT 04 06:03:19,6.118,2476,5.4219,1.9452,25.2259,N/A,46.1912,71.2833,10,480,514,30,30,695,3,1,13,13,0,0,0,0,0,0,0,0,0,0,450,255,300,1073,1400002C000A01E002021E1E02B70301000D000D0000000000000000000000000000000001C200FF012C0431
1,1,23,0,96,39541,0,0,0,1,0,2026 OCT 04 09:50:40,2026 OCT 04 10:02:26,2026 OCT 04 09:50:50,2026 OCT 04 10:02:26,N/A,N/A,2026 OCT 04 09:58:10,2026 OCT 04 10:02:26,2026 OCT 04 10:01:56,77.9282,75.4898,2026 OCT 04 09:58:40,79.2007,72.5291,2026 OCT 04 09:59:14,6.5966,2476,5.4775,2.0265,25.3205,N/A,46.3723,71.5585,10,480,514,30,30,696,3,1,13,13,0,0,0,0,0,0,0,0,0,0,450,256,300,820,1400002C000A01E002021E1E02B80301000D000D0000000000000000000000000000000001C20100012C0334
1,1,24,0,98,39543,0,0,0,1,0,2026 OCT 04 13:46:31,2026 OCT 04 13:58:17,2026 OCT 04 13:46:41,2026 OCT 04 13:58:17,N/A,N/A,2026 OCT 04 13:54:01,2026 OCT 04 13:58:17,2026 OCT 04 13:57:47,78.1785,17.8357,2026 OCT 04 13:54:31,79.513,13.564,2026 OCT 04 13:55:05,7.0898,2475,5.3731,2.1077,25.3205,N/A,46.3723,71.5585,10,480,514,30,30,696,3,1,13,13,0,0,0,0,0,0,0,0,0,0,450,256,300,820,1400002C000A01E002021E1E02B80301000D000D0000000000000000000000000000000001C20100012C0334
1,1,25,0,100,39545,0,0,0,1,0,2026 OCT 04 17:42:16,2026 OCT 04 17:54:03,2026 OCT 04 17:42:26,2026 OCT 04 17:54:03,N/A,N/A,2026 OCT 04 17:49:46,2026 OCT 04 17:54:03,2026 OCT 04 17:53:33,78.3057,-39.7593,2026 OCT 04 17:50:16,79.6368,-46.9958,2026 OCT 04 17:50:51,7.5527,2474,5.1606,2.1889,25.4152,N/A,46.5535,71.8337,10,480,515,30,30,697,3,1,13,13,0,0,0,0,0,0,0,0,0,0,450,257,300,823,1400002C000A01E002031E1E02B90301000D000D0000000000000000000000000000000001C20101012C0337
1,1,26,0,111,39556,0,0,0,1,0,2026 OCT 05 15:19:23,2026 OCT 05 15:31:11,2026 OCT 05 15:19:33,2026 OCT 05 15:31:11,N/A,N/A,2026 OCT 05 15:26:53,2026 OCT 05 15:31:11,2026 OCT 05 15:30:41,79.1726,3.1804,2026 OCT 05 15:27:23,80.9655,-6.0051,2026 OCT 05 15:27:58,10.1814,2466,4.9381,2.6353,25.5098,N/A,46.7346,72.109,10,480,515,30,30,698,3,1,13,13,0,0,0,0,0,0,0,0,0,0,450,258,300,825,1400002C000A01E002031E1E02BA0301000D000D0000000000000000000000000000000001C20102012C0339
1,1,27,0,114,39559,0,0,0,1,0,2026 OCT 05 21:13:05,2026 OCT 05 21:24:53,2026 OCT 05 21:13:15,2026 OCT 05 21:24:53,N/A,N/A,2026 OCT 05 21:20:35,2026 OCT 05 21:24:53,2026 OCT 05 21:24:23,79.2981,-83.2476,2026 OCT 05 21:21:05,81.4778,-85.3517,2026 OCT 05 21:21:39,10.8964,2463,5.3867,2.757,25.5098,N/A,46.7346,72.109,10,480,514,30,30,698,3,1,13,13,0,0,0,0,0,0,0,0,0,0,450,258,300,824,1400002C000A01E002021E1E02BA0301000D000D0000000000000000000000000000000001C20102012C0338
1,1,28,0,116,39561,0,0,0,1,0,2026 OCT 06 01:08:59,2026 OCT 06 01:20:48,2026 OCT 06 01:09:09,2026 OCT 06 01:20:48,N/A,N/A,2026 OCT 06 01:16:29,2026 OCT 06 01:20:48,2026 OCT 06 01:20:18,79.4653,-140.9528,2026 OCT 06 01:16:59,81.5181,-150.065,2026 OCT 06 01:17:34,11.3755,2460,4.8997,2.838,25.6045,N/A,46.9157,72.3842,10,480,515,30,30,699,3,1,13,13,0,0,0,0,0,0,0,0,0,0,450,259,300,827,1400002C000A01E002031E1E02BB0301000D000D0000000000000000000000000000000001C20103012C033B
1,1,29,0,123,39568,0,0,0,1,0,2026 OCT 06 14:54:22,2026 OCT 06 15:06:13,2026 OCT 06 14:54:32,2026 OCT 06 15:06:13,N/A,N/A,2026 OCT 06 15:01:52,2026 OCT 06 15:06:13,2026 OCT 06 15:05:43,80.0469,17.0739,2026 OCT 06 15:02:22,82.2648,3.4845,2026 OCT 06 15:02:58,13.0492,2454,4.5278,3.1216,25.7937,N/A,47.278,72.9347,10,480,516,30,30,701,3,1,13,13,0,0,0,0,0,0,0,0,0,0,450,261,300,832,1400002C000A01E002041E1E02BD0301000D000D0000000000000000000000000000000001C20105012C0340
1,1,30,0,126,39571,0,0,0,1,0,2026 OCT 06 20:48:01,2026 OCT 06 20:59:52,2026 OCT 06 20:48:11,2026 OCT 06 20:59:52,N/A,N/A,2026 OCT 06 20:55:31,2026 OCT 06 20:59:52,2026 OCT 06 20:59:22,80.2135,-69.432,2026 OCT 06 20:56:01,82.49,-84.7268,2026 OCT 06 20:56:37,13.7543,2451,4.3847,3.243,25.7937,N/A,47.278,72.9347,10,480,516,30,30,701,3,1,13,13,0,0,0,0,0,0,0,0,0,0,450,261,300,832,1400002C000A01E002041E1E02BD0301000D000D0000000000000000000000000000000001C20105012C0340
1,1,31,0,128,39573,0,0,0,1,0,2026 OCT 07 00:43:55,2026 OCT 07 00:55:46,2026 OCT 07 00:44:05,2026 OCT 07 00:55:46,N/A,N/A,2026 OCT 07 00:51:25,2026 OCT 07 00:55:46,2026 OCT 07 00:55:16,80.3568,-127.1729,2026 OCT 07 00:51:55,83.0816,-135.2417,2026 OCT 07 00:52:30,14.2344,2447,4.8444,3.324,25.7937,N/A,47.278,72.9347,10,480,515,30,30,701,3,1,13,13,0,0,0,0,0,0,0,0,0,0,450,261,300,831,1400002C000A01E002031E1E02BD0301000D000D0000000000000000000000000000000001C20105012C033F
1,1,32,0,131,39576,0,0,0,1,0,2026 OCT 07 06:37:34,2026 OCT 07 06:49:26,2026 OCT 07 06:37:44,2026 OCT 07 06:49:26,N/A,N/A,2026 OCT 07 06:45:04,2026 OCT 07 06:49:26,2026 OCT 07 06:48:56,80.6392,146.1748,2026 OCT 07 06:45:34,83.3422,133.5703,2026 OCT 07 06:46:09,14.938,2443,4.5028,3.4453,25.8884,N/A,47.4592,73.2099,10,480,515,30,30,702,3,1,13,13,0,0,0,0,0,0,0,0,0,0,450,262,300,833,1400002C000A01E002031E1E02BE0301000D000D0000000000000000000000000000000001C20106012C0341
1,1,33,0,140,39585,0,0,0,1,0,2026 OCT 08 00:18:49,2026 OCT 08 00:30:44,2026 OCT 08 00:18:59,2026 OCT 08 00:30:44,N/A,N/A,2026 OCT 08 00:26:19,2026 OCT 08 00:30:44,2026 OCT 08 00:30:14,81.223,-113.7555,2026 OCT 08 00:26:49,84.2605,-130.6173,2026 OCT 08 00:27:25,17.0904,2431,4.1083,3.8091,26.1723,N/A,48.0026,74.0356,10,480,516,30,30,705,3,1,13,13,0,0,0,0,0,0,0,0,0,0,450,265,300,840,1400002C000A01E002041E1E02C10301000D000D0000000000000000000000000000000001C20109012C0348
1,1,34,0,142,39587,0,0,0,1,0,2026 OCT 08 04:14:40,2026 OCT 08 04:26:36,2026 OCT 08 04:14:50,2026 OCT 08 04:26:36,N/A,N/A,2026 OCT 08 04:22:10,2026 OCT 08 04:26:36,2026 OCT 08 04:26:06,81.4151,-171.6376,2026 OCT 08 04:22:40,84.4357,168.638,2026 OCT 08 04:23:16,17.5656,2428,3.8853,3.89,26.2669,N/A,48.1837,74.3109,10,480,516,30,30,706,3,1,13,13,0,0,0,0,0,0,0,0,0,0,450,266,300,842,1400002C000A01E002041E1E02C20301000D000D0000000000000000000000000000000001C2010A012C034A
1,1,35,0,144,39589,0,0,0,1,0,2026 OCT 08 08:10:23,2026 OCT 08 08:22:19,2026 OCT 08 08:10:33,2026 OCT 08 08:22:19,N/A,N/A,2026 OCT 08 08:17:53,2026 OCT 08 08:22:19,2026 OCT 08 08:21:49,81.5624,130.5579,2026 OCT 08 08:18:23,84.6692,110.2008,2026 OCT 08 08:18:59,18.0299,2425,3.8139,3.9707,26.2669,N/A,48.1837,74.3109,10,480,516,30,30,706,3,1,13,13,0,0,0,0,0,0,0,0,0,0,450,266,300,842,1400002C000A01E002041E1E02C20301000D000D0000000000000000000000000000000001C2010A012C034A
1,1,36,0,152,39597,0,0,0,1,0,2026 OCT 08 23:53:40,2026 OCT 09 00:05:39,2026 OCT 08 23:53:50,2026 OCT 09 00:05:39,N/A,N/A,2026 OCT 09 00:01:10,2026 OCT 09 00:05:39,2026 OCT 09 00:05:09,82.1253,-100.9014,2026 OCT 09 00:01:40,85.211,-130.8772,2026 OCT 09 00:02:17,19.9466,2412,3.0461,4.2936,26.5509,N/A,48.7272,75.1366,10,480,517,30,30,709,3,1,13,13,0,0,0,0,0,0,0,0,0,0,450,269,300,849,1400002C000A01E002051E1E02C50301000D000D0000000000000000000000000000000001C2010D012C0351
1,1,37,0,154,39599,0,0,0,1,0,2026 OCT 09 03:49:32,2026 OCT 09 04:01:32,2026 OCT 09 03:49:42,2026 OCT 09 04:01:32,N/A,N/A,2026 OCT 09 03:57:02,2026 OCT 09 04:01:32,2026 OCT 09 04:01:02,82.2945,-158.8772,2026 OCT 09 03:57:32,85.4692,169.673,2026 OCT 09 03:58:09,20.4236,2407,2.9094,4.3743,26.6455,N/A,48.9083,75.4118,10,480,517,30,30,710,3,1,13,13,0,0,0,0,0,0,0,0,0,0,450,270,300,851,1400002C000A01E002051E1E02C60301000D000D0000000000000000000000000000000001C2010E012C0353
1,1,38,0,156,39601,0,0,0,1,0,2026 OCT 09 07:45:15,2026 OCT 09 07:57:15,2026 OCT 09 07:45:25,2026 OCT 09 07:57:15,N/A,N/A,2026 OCT 09 07:52:45,2026 OCT 09 07:57:15,2026 OCT 09 07:56:45,82.472,143.1439,2026 OCT 09 07:53:15,86.0906,115.2687,2026 OCT 09 07:53:52,20.8887,2404,3.1069,4.4549,26.6455,N/A,48.9083,75.4118,10,480,517,30,30,710,3,1,13,13,0,0,0,0,0,0,0,0,0,0,450,270,300,851,1400002C000A01E002051E1E02C60301000D000D0000000000000000000000000000000001C2010E012C0353
1,1,39,0,158,39603,0,0,0,1,0,2026 OCT 09 11:41:08,2026 OCT 09 11:53:09,2026 OCT 09 11:41:18,2026 OCT 09 11:53:09,N/A,N/A,2026 OCT 09 11:48:38,2026 OCT 09 11:53:09,2026 OCT 09 11:52:39,82.5105,85.383,2026 OCT 09 11:49:08,86.2083,56.1248,2026 OCT 09 11:49:45,21.3571,2400,2.9911,4.5355,26.7402,N/A,49.0894,75.6871,10,480,517,30,30,711,3,1,13,13,0,0,0,0,0,0,0,0,0,0,450,271,300,853,1400002C000A01E002051E1E02C70301000D000D0000000000000000000000000000000001C2010F012C0355
1,1,40,0,159,39604,0,0,0,1,0,2026 OCT 09 13:39:04,2026 OCT 09 13:51:06,2026 OCT 09 13:39:14,2026 OCT 09 13:51:06,N/A,N/A,2026 OCT 09 13:46:34,2026 OCT 09 13:51:06,2026 OCT 09 13:50:36,82.6119,56.3257,2026 OCT 09 13:47:04,86.0287,21.4335,2026 OCT 09 13:47:41,21.6092,2397,2.5917,4.5758,26.8348,N/A,49.2706,75.9623,10,480,517,30,30,712,3,1,13,13,0,0,0,0,0,0,0,0,0,0,450,272,300,855,1400002C000A01E002051E1E02C80301000D000D0000000000000000000000000000000001C20110012C0357
1,1,41,0,161,39606,0,0,0,1,0,2026 OCT 09 17:34:50,2026 OCT 09 17:46:53,2026 OCT 09 17:35:00,2026 OCT 09 17:46:53,N/A,N/A,2026 OCT 09 17:42:20,2026 OCT 09 17:46:53,2026 OCT 09 17:46:23,82.8493,-1.8728,2026 OCT 09 17:42:50,86.2823,-40.0998,2026 OCT 09 17:43:27,22.0869,2394,2.3147,4.6564,26.9294,N/A,49.4517,76.2375,10,480,517,30,30,713,3,1,13,13,0,0,0,0,0,0,0,0,0,0,450,273,300,857,1400002C000A01E002051E1E02C90301000D000D0000000000000000000000000000000001C20111012C0359
1,1,42,0,164,39609,0,0,0,1,0,2026 OCT 09 23:28:31,2026 OCT 09 23:40:34,2026 OCT 09 23:28:41,2026 OCT 09 23:40:34,N/A,N/A,2026 OCT 09 23:36:01,2026 OCT 09 23:40:34,2026 OCT 09 23:40:04,82.9956,-88.7402,2026 OCT 09 23:36:31,86.8598,-125.8371,2026 OCT 09 23:37:08,22.7968,2388,2.3369,4.7773,26.9294,N/A,49.4517,76.2375,10,480,517,30,30,713,3,1,13,13,0,0,0,0,0,0,0,0,0,0,450,273,300,857,1400002C000A01E002051E1E02C90301000D000D0000000000000000000000000000000001C20111012C0359
1,1,43,0,166,39611,0,0,0,1,0,2026 OCT 10 03:24:23,2026 OCT 10 03:36:28,2026 OCT 10 03:24:33,2026 OCT 10 03:36:28,N/A,N/A,2026 OCT 10 03:31:53,2026 OCT 10 03:36:28,2026 OCT 10 03:35:58,83.1529,-146.8594,2026 OCT 10 03:32:23,86.0367,163.6806,2026 OCT 10 03:33:01,23.2748,2382,1.465,4.8578,27.1187,N/A,49.814,76.788,10,480,518,30,30,715,3,1,13,13,0,0,0,0,0,0,0,0,0,0,450,275,300,862,1400002C000A01E002061E1E02CB0301000D000D0000000000000000000000000000000001C20113012C035E
1,1,44,0,170,39615,0,0,0,1,0,2026 OCT 10 11:15:56,2026 OCT 10 11:28:03,2026 OCT 10 11:16:06,2026 OCT 10 11:28:03,N/A,N/A,2026 OCT 10 11:23:26,2026 OCT 10 11:28:03,2026 OCT 10 11:27:33,83.3952,97.0641,2026 OCT 10 11:23:56,86.3156,42.1548,2026 OCT 10 11:24:34,24.2069,2374,1.0139,5.0188,27.308,N/A,50.1763,77.3385,10,480,518,30,30,717,3,1,13,13,0,0,0,0,0,0,0,0,0,0,450,277,300,866,1400002C000A01E002061E1E02CD0301000D000D0000000000000000000000000000000001C20115012C0362
1,1,45,0,174,39619,0,0,0,1,0,2026 OCT 10 19:07:32,2026 OCT 10 19:19:41,2026 OCT 10 19:07:42,2026 OCT 10 19:19:41,N/A,N/A,2026 OCT 10 19:15:02,2026 OCT 10 19:19:41,2026 OCT 10 19:19:11,83.7779,-19.622,2026 OCT 10 19:15:32,86.9266,-82.4384,2026 OCT 10 19:16:10,25.1751,2365,0.35917,5.1798,27.4973,N/A,50.5386,77.889,10,480,518,30,30,719,3,1,13,13,0,0,0,0,0,0,0,0,0,0,450,279,300,870,1400002C000A01E002061E1E02CF0301000D000D0000000000000000000000000000000001C20117012C0366
1,1,46,0,175,39620,0,0,0,1,0,2026 OCT 10 21:05:24,2026 OCT 10 21:17:34,2026 OCT 10 21:05:34,2026 OCT 10 21:17:34,N/A,N/A,2026 OCT 10 21:12:54,2026 OCT 10 21:17:34,2026 OCT 10 21:17:04,83.799,-48.5566,2026 OCT 10 21:13:24,86.3226,-113.6387,2026 OCT 10 21:14:03,25.4095,2363,0.19139,5.22,27.5919,N/A,50.7197,78.1642,10,480,519,30,30,720,3,1,13,13,0,0,0,0,0,0,0,0,0,0,450,280,300,873,1400002C000A01E002071E1E02D00301000D000D0000000000000000000000000000000001C20118012C0369
1,1,47,0,177,39622,0,0,0,1,0,2026 OCT 11 01:01:14,2026 OCT 11 01:13:24,2026 OCT 11 01:01:24,2026 OCT 11 01:13:24,N/A,N/A,2026 OCT 11 01:08:44,2026 OCT 11 01:13:24,2026 OCT 11 01:12:54,83.9481,-106.8535,2026 OCT 11 01:09:14,86.287,-175.2775,2026 OCT 11 01:09:53,25.889,2357,23.9083,5.3004,27.5919,N/A,50.7197,78.1642,10,480,519,30,30,720,3,1,13,13,0,0,0,0,0,0,0,0,0,0,450,280,300,873,1400002C000A01E002071E1E02D00301000D000D0000000000000000000000000000000001C20118012C0369
1,1,48,0,181,39626,0,0,0,1,0,2026 OCT 11 08:52:47,2026 OCT 11 09:05:00,2026 OCT 11 08:52:57,2026 OCT 11 09:05:00,N/A,N/A,2026 OCT 11 09:00:17,2026 OCT 11 09:05:00,2026 OCT 11 09:04:30,84.2559,136.3657,2026 OCT 11 09:00:47,86.2308,60.257,2026 OCT 11 09:01:27,26.8299,2346,23.2614,5.4612,27.8759,N/A,51.2631,78.9899,10,480,520,30,30,723,3,1,13,13,0,0,0,0,0,0,0,0,0,0,450,283,300,880,1400002C000A01E002081E1E02D30301000D000D0000000000000000000000000000000001C2011B012C0370
1,1,49,0,185,39630,0,0,0,1,0,2026 OCT 11 16:44:29,2026 OCT 11 16:56:44,2026 OCT 11 16:44:39,2026 OCT 11 16:56:44,N/A,N/A,2026 OCT 11 16:51:59,2026 OCT 11 16:56:44,2026 OCT 11 16:56:14,84.5475,19.3721,2026 OCT 11 16:52:29,86.3832,-65.0561,2026 OCT 11 16:53:09,27.7969,2334,22.5603,5.622,28.0651,N/A,51.6254,79.5404,10,480,520,30,30,725,3,1,13,13,0,0,0,0,0,0,0,0,0,0,450,285,300,884,1400002C000A01E002081E1E02D50301000D000D0000000000000000000000000000000001C2011D012C0374
1,1,50,0,187,39632,0,0,0,1,0,2026 OCT 11 20:40:12,2026 OCT 11 20:52:29,2026 OCT 11 20:40:22,2026 OCT 11 20:52:29,N/A,N/A,2026 OCT 11 20:47:42,2026 OCT 11 20:52:29,2026 OCT 11 20:51:59,84.6528,-38.9767,2026 OCT 11 20:48:12,85.8551,-123.8066,2026 OCT 11 20:48:52,28.2568,2330,22.4678,5.7023,28.2544,N/A,51.9877,80.0909,10,480,520,30,30,727,3,1,13,13,0,0,0,0,0,0,0,0,0,0,450,287,300,888,1400002C000A01E002081E1E02D70301000D000D0000000000000000000000000000000001C2011F012C0378
1,1,51,0,190,39635,0,0,0,1,0,2026 OCT 12 02:33:57,2026 OCT 12 02:46:15,2026 OCT 12 02:34:07,2026 OCT 12 02:46:15,N/A,N/A,2026 OCT 12 02:41:27,2026 OCT 12 02:46:15,2026 OCT 12 02:45:45,84.8379,-126.7931,2026 OCT 12 02:41:57,85.8805,143.5311,2026 OCT 12 02:42:37,28.9738,2319,22.0297,5.8228,28.3491,N/A,52.1689,80.3661,10,480,520,30,30,728,3,1,13,13,0,0,0,0,0,0,0,0,0,0,450,288,300,890,1400002C000A01E002081E1E02D80301000D000D0000000000000000000000000000000001C20120012C037A
1,1,52,0,191,39636,0,0,0,1,0,2026 OCT 12 04:31:53,2026 OCT 12 04:44:11,2026 OCT 12 04:32:03,2026 OCT 12 04:44:11,N/A,N/A,2026 OCT 12 04:39:23,2026 OCT 12 04:44:11,2026 OCT 12 04:43:41,84.9211,-156.2413,2026 OCT 12 04:39:53,86.3148,107.9914,2026 OCT 12 04:40:33,29.2125,2316,21.5739,5.8629,28.3491,N/A,52.1689,80.3661,10,480,520,30,30,728,3,1,13,13,0,0,0,0,0,0,0,0,0,0,450,288,300,890,1400002C000A01E002081E1E02D80301000D000D0000000000000000000000000000000001C20120012C037A
1,1,53,0,196,39641,0,0,0,1,0,2026 OCT 12 14:21:21,2026 OCT 12 14:33:43,2026 OCT 12 14:21:31,2026 OCT 12 14:33:43,N/A,N/A,2026 OCT 12 14:28:51,2026 OCT 12 14:33:43,2026 OCT 12 14:33:13,85.2089,57.0755,2026 OCT 12 14:29:21,85.5243,-40.0823,2026 OCT 12 14:30:02,30.389,2301,21.2661,6.0636,28.7276,N/A,52.8934,81.4671,10,480,521,30,30,732,3,1,13,13,0,0,0,0,0,0,0,0,0,0,450,292,300,899,1400002C000A01E002091E1E02DC0301000D000D0000000000000000000000000000000001C20124012C0383
1,1,54,0,198,39643,0,0,0,1,0,2026 OCT 12 18:17:06,2026 OCT 12 18:29:30,2026 OCT 12 18:17:16,2026 OCT 12 18:29:30,N/A,N/A,2026 OCT 12 18:24:36,2026 OCT 12 18:29:30,2026 OCT 12 18:29:00,85.4463,-2.7995,2026 OCT 12 18:25:06,84.5887,-95.5082,2026 OCT 12 18:25:48,30.8773,2294,21.3958,6.1438,28.9169,N/A,53.2557,82.0175,10,480,522,30,30,734,3,1,13,13,0,0,0,0,0,0,0,0,0,0,450,294,300,904,1400002C000A01E0020A1E1E02DE0301000D000D0000000000000000000000000000000001C20126012C0388
1,1,55,0,199,39644,0,0,0,1,0,2026 OCT 12 20:14:58,2026 OCT 12 20:27:22,2026 OCT 12 20:15:08,2026 OCT 12 20:27:22,N/A,N/A,2026 OCT 12 20:22:28,2026 OCT 12 20:27:22,2026 OCT 12 20:26:52,85.487,-32.1237,2026 OCT 12 20:22:58,84.9127,-128.9174,2026 OCT 12 20:23:39,31.107,2291,21.0808,6.1839,28.9169,N/A,53.2557,82.0175,10,480,521,30,30,734,3,1,13,13,0,0,0,0,0,0,0,0,0,0,450,294,300,903,1400002C000A01E002091E1E02DE0301000D000D0000000000000000000000000000000001C20126012C0387
1,1,56,0,201,39646,0,0,0,1,0,2026 OCT 13 00:10:45,2026 OCT 13 00:23:10,2026 OCT 13 00:10:55,2026 OCT 13 00:23:10,N/A,N/A,2026 OCT 13 00:18:15,2026 OCT 13 00:23:10,2026 OCT 13 00:22:40,85.5612,-90.7684,2026 OCT 13 00:18:45,84.9666,169.0354,2026 OCT 13 00:19:26,31.5803,2284,20.77,6.264,29.0116,N/A,53.4369,82.2928,10,480,521,30,30,735,3,1,13,13,0,0,0,0,0,0,0,0,0,0,450,295,300,905,1400002C000A01E002091E1E02DF0301000D000D0000000000000000000000000000000001C20127012C0389
1,1,57,0,203,39648,0,0,0,1,0,2026 OCT 13 04:06:37,2026 OCT 13 04:19:04,2026 OCT 13 04:06:47,2026 OCT 13 04:19:04,N/A,N/A,2026 OCT 13 04:14:07,2026 OCT 13 04:19:04,2026 OCT 13 04:18:34,85.669,-149.8599,2026 OCT 13 04:14:37,84.8127,108.0195,2026 OCT 13 04:15:19,32.0592,2276,20.5289,6.3442,29.2009,N/A,53.7991,82.8432,10,480,522,30,30,737,3,1,13,13,0,0,0,0,0,0,0,0,0,0,450,297,300,910,1400002C000A01E0020A1E1E02E10301000D000D0000000000000000000000000000000001C20129012C038E
1,1,58,0,204,39649,0,0,0,1,0,2026 OCT 13 06:04:30,2026 OCT 13 06:16:59,2026 OCT 13 06:04:40,2026 OCT 13 06:16:59,N/A,N/A,2026 OCT 13 06:12:00,2026 OCT 13 06:16:59,2026 OCT 13 06:16:29,85.7377,-179.6123,2026 OCT 13 06:12:30,83.9481,85.9874,2026 OCT 13 06:13:13,32.2978,2273,20.9728,6.3843,29.3901,N/A,54.1614,83.3937,10,480,523,30,30,739,3,1,13,13,0,0,0,0,0,0,0,0,0,0,450,299,300,915,1400002C000A01E0020B1E1E02E30301000D000D0000000000000000000000000000000001C2012B012C0393
1,1,59,0,206,39651,0,0,0,1,0,2026 OCT 13 10:00:12,2026 OCT 13 10:12:41,2026 OCT 13 10:00:22,2026 OCT 13 10:12:41,N/A,N/A,2026 OCT 13 10:07:42,2026 OCT 13 10:12:41,2026 OCT 13 10:12:11,85.8881,120.5892,2026 OCT 13 10:08:12,84.3337,19.1429,2026 OCT 13 10:08:54,32.7593,2266,20.3406,6.4644,29.3901,N/A,54.1614,83.3937,10,480,522,30,30,739,3,1,13,13,0,0,0,0,0,0,0,0,0,0,450,299,300,914,1400002C000A01E0020A1E1E02E30301000D000D0000000000000000000000000000000001C2012B012C0392
1,1,60,0,208,39653,0,0,0,1,0,2026 OCT 13 13:56:05,2026 OCT 13 14:08:36,2026 OCT 13 13:56:15,2026 OCT 13 14:08:36,N/A,N/A,2026 OCT 13 14:03:35,2026 OCT 13 14:08:36,2026 OCT 13 14:08:06,85.9136,62.1851,2026 OCT 13 14:04:05,84.1748,-39.9983,2026 OCT 13 14:04:47,33.2288,2258,20.225,6.5446,29.5794,N/A,54.5237,83.9442,10,480,522,30,30,741,3,1,13,13,0,0,0,0,0,0,0,0,0,0,450,301,300,918,1400002C000A01E0020A1E1E02E50301000D000D0000000000000000000000000000000001C2012D012C0396
1,1,61,0,209,39654,0,0,0,1,0,2026 OCT 13 15:53:59,2026 OCT 13 16:06:31,2026 OCT 13 15:54:09,2026 OCT 13 16:06:31,N/A,N/A,2026 OCT 13 16:01:29,2026 OCT 13 16:06:31,2026 OCT 13 16:06:01,86.0229,31.6196,2026 OCT 13 16:01:59,83.4239,-63.2289,2026 OCT 13 16:02:42,33.4823,2254,20.5892,6.5846,29.6741,N/A,54.7048,84.2194,10,480,523,30,30,742,3,1,13,13,0,0,0,0,0,0,0,0,0,0,450,302,300,921,1400002C000A01E0020B1E1E02E60301000D000D0000000000000000000000000000000001C2012E012C0399
1,1,62,0,211,39656,0,0,0,1,0,2026 OCT 13 19:49:43,2026 OCT 13 20:02:16,2026 OCT 13 19:49:53,2026 OCT 13 20:02:16,N/A,N/A,2026 OCT 13 19:57:13,2026 OCT 13 20:02:16,2026 OCT 13 20:01:46,86.1858,-29.0698,2026 OCT 13 19:57:43,83.7554,-131.6995,2026 OCT 13 19:58:26,33.9569,2246,19.8489,6.6647,29.7687,N/A,54.886,84.4947,10,480,523,30,30,743,3,1,13,13,0,0,0,0,0,0,0,0,0,0,450,303,300,923,1400002C000A01E0020B1E1E02E70301000D000D0000000000000000000000000000000001C2012F012C039B
1,1,63,0,213,39658,0,0,0,1,0,2026 OCT 13 23:45:27,2026 OCT 13 23:58:02,2026 OCT 13 23:45:37,2026 OCT 13 23:58:02,N/A,N/A,2026 OCT 13 23:52:57,2026 OCT 13 23:58:02,2026 OCT 13 23:57:32,86.2397,-88.2073,2026 OCT 13 23:53:27,82.8806,178.3874,2026 OCT 13 23:54:11,34.4218,2239,20.3461,6.7448,29.958,N/A,55.2483,85.0451,10,480,524,30,30,745,3,1,13,13,0,0,0,0,0,0,0,0,0,0,450,305,300,928,1400002C000A01E0020C1E1E02E90301000D000D0000000000000000000000000000000001C20131012C03A0
1,1,64,0,216,39661,0,0,0,1,0,2026 OCT 14 05:39:13,2026 OCT 14 05:51:51,2026 OCT 14 05:39:23,2026 OCT 14 05:51:51,N/A,N/A,2026 OCT 14 05:46:43,2026 OCT 14 05:51:51,2026 OCT 14 05:51:21,86.3582,-177.9915,2026 OCT 14 05:47:13,82.8759,84.4839,2026 OCT 14 05:47:57,35.1388,2225,19.8256,6.8649,30.2419,N/A,55.7917,85.8709,10,480,524,30,30,748,3,1,13,13,0,0,0,0,0,0,0,0,0,0,450,308,300,934,1400002C000A01E0020C1E1E02EC0301000D000D0000000000000000000000000000000001C20134012C03A6
1,1,65,0,220,39665,0,0,0,1,0,2026 OCT 14 13:30:43,2026 OCT 14 13:43:25,2026 OCT 14 13:30:53,2026 OCT 14 13:43:25,N/A,N/A,2026 OCT 14 13:38:13,2026 OCT 14 13:43:25,2026 OCT 14 13:42:55,86.4855,62.1435,2026 OCT 14 13:38:43,81.7408,-25.584,2026 OCT 14 13:39:28,36.061,2209,20.1375,7.0249,30.6205,N/A,56.5163,86.9718,10,480,525,30,30,752,3,1,13,13,0,0,0,0,0,0,0,0,0,0,450,312,300,943,1400002C000A01E0020D1E1E02F00301000D000D0000000000000000000000000000000001C20138012C03AF
1,1,66,0,223,39668,0,0,0,1,0,2026 OCT 14 19:24:23,2026 OCT 14 19:37:08,2026 OCT 14 19:24:33,2026 OCT 14 19:37:08,N/A,N/A,2026 OCT 14 19:31:53,2026 OCT 14 19:37:08,2026 OCT 14 19:36:38,86.6427,-30.8854,2026 OCT 14 19:32:23,81.3293,-116.3219,2026 OCT 14 19:33:08,36.798,2194,19.8264,7.1448,30.9044,N/A,57.0597,87.7975,10,480,525,30,30,755,3,1,13,13,0,0,0,0,0,0,0,0,0,0,450,315,300,949,1400002C000A01E0020D1E1E02F30301000D000D0000000000000000000000000000000001C2013B012C03B5
1,1,67,0,225,39670,0,0,0,1,0,2026 OCT 14 23:20:06,2026 OCT 14 23:32:53,2026 OCT 14 23:20:16,2026 OCT 14 23:32:53,N/A,N/A,2026 OCT 14 23:27:36,2026 OCT 14 23:32:53,2026 OCT 14 23:32:23,86.6569,-90.3473,2026 OCT 14 23:28:06,80.8415,-171.8247,2026 OCT 14 23:28:52,37.2598,2186,19.9506,7.2247,31.0937,N/A,57.422,88.348,10,480,526,30,30,757,3,1,13,13,0,0,0,0,0,0,0,0,0,0,450,317,300,954,1400002C000A01E0020E1E1E02F50301000D000D0000000000000000000000000000000001C2013D012C03BA
1,1,68,0,226,39671,0,0,0,1,0,2026 OCT 15 01:18:00,2026 OCT 15 01:30:48,2026 OCT 15 01:18:10,2026 OCT 15 01:30:48,N/A,N/A,2026 OCT 15 01:25:30,2026 OCT 15 01:30:48,2026 OCT 15 01:30:18,86.675,-120.6812,2026 OCT 15 01:26:00,80.6829,158.9436,2026 OCT 15 01:26:46,37.4975,2180,19.9147,7.2647,31.1883,N/A,57.6031,88.6232,10,480,526,30,30,758,3,1,13,13,0,0,0,0,0,0,0,0,0,0,450,318,300,956,1400002C000A01E0020E1E1E02F60301000D000D0000000000000000000000000000000001C2013E012C03BC
1,1,69,0,228,39673,0,0,0,1,0,2026 OCT 15 05:13:51,2026 OCT 15 05:26:41,2026 OCT 15 05:14:01,2026 OCT 15 05:26:41,N/A,N/A,2026 OCT 15 05:21:21,2026 OCT 15 05:26:41,2026 OCT 15 05:26:11,86.706,178.4117,2026 OCT 15 05:21:51,80.3631,100.345,2026 OCT 15 05:22:38,37.9763,2170,19.8347,7.3447,31.3776,N/A,57.9654,89.1737,10,480,527,30,30,760,3,1,13,13,0,0,0,0,0,0,0,0,0,0,450,320,300,961,1400002C000A01E0020F1E1E02F80301000D000D0000000000000000000000000000000001C20140012C03C1
1,1,70,0,233,39678,0,0,0,1,0,2026 OCT 15 15:03:16,2026 OCT 15 15:16:12,2026 OCT 15 15:03:26,2026 OCT 15 15:16:12,N/A,N/A,2026 OCT 15 15:10:46,2026 OCT 15 15:16:12,2026 OCT 15 15:15:42,86.7206,27.0012,2026 OCT 15 15:11:16,79.5559,-45.6056,2026 OCT 15 15:12:04,39.1443,2145,19.6675,7.5444,31.9455,N/A,59.0522,90.8251,10,480,528,30,30,766,3,1,13,13,0,0,0,0,0,0,0,0,0,0,450,326,300,974,1400002C000A01E002101E1E02FE0301000D000D0000000000000000000000000000000001C20146012C03CE
1,1,71,0,235,39680,0,0,0,1,0,2026 OCT 15 18:59:01,2026 OCT 15 19:11:58,2026 OCT 15 18:59:11,2026 OCT 15 19:11:58,N/A,N/A,2026 OCT 15 19:06:31,2026 OCT 15 19:11:58,2026 OCT 15 19:11:28,86.7228,-37.4717,2026 OCT 15 19:07:01,79.3174,-107.5502,2026 OCT 15 19:07:49,39.6416,2133,19.3628,7.6242,32.0401,N/A,59.2334,91.1004,10,480,528,30,30,767,3,1,13,13,0,0,0,0,0,0,0,0,0,0,450,327,300,976,1400002C000A01E002101E1E02FF0301000D000D0000000000000000000000000000000001C20147012C03D0
1,1,72,0,237,39682,0,0,0,1,0,2026 OCT 15 22:54:42,2026 OCT 15 23:07:43,2026 OCT 15 22:54:52,2026 OCT 15 23:07:43,N/A,N/A,2026 OCT 15 23:02:12,2026 OCT 15 23:07:43,2026 OCT 15 23:07:13,86.6898,-96.8943,2026 OCT 15 23:02:42,78.696,-162.0143,2026 OCT 15 23:03:31,40.098,2124,19.5558,7.704,32.4187,N/A,59.958,92.2013,10,480,529,30,30,771,3,1,13,13,0,0,0,0,0,0,0,0,0,0,450,331,300,730,1400002C000A01E002111E1E03030301000D000D0000000000000000000000000000000001C2014B012C02DA
1,1,73,0,239,39684,0,0,0,1,0,2026 OCT 16 02:50:29,2026 OCT 16 03:03:31,2026 OCT 16 02:50:39,2026 OCT 16 03:03:31,N/A,N/A,2026 OCT 16 02:57:59,2026 OCT 16 03:03:31,2026 OCT 16 03:03:01,86.6449,-158.4622,2026 OCT 16 02:58:29,78.4129,138.9857,2026 OCT 16 02:59:18,40.5712,2110,19.4478,7.7838,32.5133,N/A,60.1391,92.4766,10,480,529,30,30,772,3,1,13,13,0,0,0,0,0,0,0,0,0,0,450,332,300,732,1400002C000A01E002111E1E03040301000D000D0000000000000000000000000000000001C2014C012C02DC
1,1,74,0,241,39686,0,0,0,1,0,2026 OCT 16 06:46:18,2026 OCT 16 06:59:23,2026 OCT 16 06:46:28,2026 OCT 16 06:59:23,N/A,N/A,2026 OCT 16 06:53:48,2026 OCT 16 06:59:23,2026 OCT 16 06:58:53,86.5906,141.0061,2026 OCT 16 06:54:18,78.1062,79.9457,2026 OCT 16 06:55:07,41.05,2099,19.3378,7.8636,32.7973,N/A,60.6825,93.3023,10,480,529,30,30,775,3,1,13,13,0,0,0,0,0,0,0,0,0,0,450,335,300,738,1400002C000A01E002111E1E03070301000D000D0000000000000000000000000000000001C2014F012C02E2
1,1,75,0,244,39689,0,0,0,1,0,2026 OCT 16 12:39:50,2026 OCT 16 12:52:59,2026 OCT 16 12:40:00,2026 OCT 16 12:52:59,N/A,N/A,2026 OCT 16 12:47:20,2026 OCT 16 12:52:59,2026 OCT 16 12:52:29,86.4823,49.8331,2026 OCT 16 12:47:50,77.3305,-4.8587,2026 OCT 16 12:48:40,41.7331,2082,19.4203,7.9833,33.1758,N/A,61.4071,94.4032,10,480,530,30,30,779,3,1,13,13,0,0,0,0,0,0,0,0,0,0,450,339,300,747,1400002C000A01E002121E1E030B0301000D000D0000000000000000000000000000000001C20153012C02EB
1,1,76,0,246,39691,0,0,0,1,0,2026 OCT 16 16:35:41,2026 OCT 16 16:48:53,2026 OCT 16 16:35:51,2026 OCT 16 16:48:53,N/A,N/A,2026 OCT 16 16:43:11,2026 OCT 16 16:48:53,2026 OCT 16 16:48:23,86.4037,-10.3371,2026 OCT 16 16:43:41,77.1178,-64.9556,2026 OCT 16 16:44:32,42.2188,2068,19.2403,8.063,33.4597,N/A,61.9505,95.229,10,480,531,30,30,782,3,1,13,13,0,0,0,0,0,0,0,0,0,0,450,342,300,754,1400002C000A01E002131E1E030E0301000D000D0000000000000000000000000000000001C20156012C02F2
1,1,77,0,247,39692,0,0,0,1,0,2026 OCT 16 18:33:32,2026 OCT 16 18:46:46,2026 OCT 16 18:33:42,2026 OCT 16 18:46:46,N/A,N/A,2026 OCT 16 18:41:02,2026 OCT 16 18:46:46,2026 OCT 16 18:46:16,86.327,-42.0456,2026 OCT 16 18:41:32,76.6125,-91.8693,2026 OCT 16 18:42:23,42.4695,2062,19.3581,8.1029,33.649,N/A,62.3128,95.7794,10,480,531,30,30,784,3,1,13,13,0,0,0,0,0,0,0,0,0,0,450,344,300,758,1400002C000A01E002131E1E03100301000D000D0000000000000000000000000000000001C20158012C02F6
1,1,78,0,250,39695,0,0,0,1,0,2026 OCT 17 00:27:04,2026 OCT 17 00:40:23,2026 OCT 17 00:27:14,2026 OCT 17 00:40:23,N/A,N/A,2026 OCT 17 00:34:34,2026 OCT 17 00:40:23,2026 OCT 17 00:39:53,86.1842,-131.7325,2026 OCT 17 00:35:04,75.9526,-177.9965,2026 OCT 17 00:35:57,43.1605,2043,19.3522,8.2224,34.1222,N/A,63.2185,97.1556,10,480,533,30,30,789,3,1,13,13,0,0,0,0,0,0,0,0,0,0,450,349,300,770,1400002C000A01E002151E1E03150301000D000D0000000000000000000000000000000001C2015D012C0302
1,1,79,0,252,39697,0,0,0,1,0,2026 OCT 17 04:22:52,2026 OCT 17 04:36:13,2026 OCT 17 04:23:02,2026 OCT 17 04:36:13,N/A,N/A,2026 OCT 17 04:30:22,2026 OCT 17 04:36:13,2026 OCT 17 04:35:43,86.0437,167.4457,2026 OCT 17 04:30:52,75.5415,123.8055,2026 OCT 17 04:31:45,43.6364,2028,19.2981,8.3021,34.3115,N/A,63.5808,97.7061,10,480,533,30,30,791,3,1,13,13,0,0,0,0,0,0,0,0,0,0,450,351,300,774,1400002C000A01E002151E1E03170301000D000D0000000000000000000000000000000001C2015F012C0306
1,1,80,0,254,39699,0,0,0,1,0,2026 OCT 17 08:18:38,2026 OCT 17 08:32:03,2026 OCT 17 08:18:48,2026 OCT 17 08:32:03,N/A,N/A,2026 OCT 17 08:26:08,2026 OCT 17 08:32:03,2026 OCT 17 08:31:33,85.9142,107.4868,2026 OCT 17 08:26:38,75.0642,65.983,2026 OCT 17 08:27:32,44.1144,2015,19.2683,8.3818,34.6901,N/A,64.3054,98.807,10,480,534,30,30,795,3,1,13,13,0,0,0,0,0,0,0,0,0,0,450,355,300,783,1400002C000A01E002161E1E031B0301000D000D0000000000000000000000000000000001C20163012C030F
1,1,81,0,259,39704,0,0,0,1,0,2026 OCT 17 18:07:58,2026 OCT 17 18:21:31,2026 OCT 17 18:08:08,2026 OCT 17 18:21:31,N/A,N/A,2026 OCT 17 18:15:28,2026 OCT 17 18:21:31,2026 OCT 17 18:21:01,85.4973,-42.8344,2026 OCT 17 18:15:58,73.8741,-78.8601,2026 OCT 17 18:16:53,45.2941,1977,19.1739,8.5808,35.4472,N/A,65.7545,101.0089,10,480,535,30,30,803,3,1,13,13,0,0,0,0,0,0,0,0,0,0,450,363,300,800,1400002C000A01E002171E1E03230301000D000D0000000000000000000000000000000001C2016B012C0320
1,1,82,0,261,39706,0,0,0,1,0,2026 OCT 17 22:03:37,2026 OCT 17 22:17:14,2026 OCT 17 22:03:47,2026 OCT 17 22:17:14,N/A,N/A,2026 OCT 17 22:11:07,2026 OCT 17 22:17:14,2026 OCT 17 22:16:44,85.2938,-102.9236,2026 OCT 17 22:11:37,73.3274,-136.7737,2026 OCT 17 22:12:33,45.7644,1963,19.1364,8.6604,35.8258,N/A,66.4791,102.1099,10,480,536,30,30,807,3,1,13,13,0,0,0,0,0,0,0,0,0,0,450,367,300,809,1400002C000A01E002181E1E03270301000D000D0000000000000000000000000000000001C2016F012C0329
1,1,83,0,262,39707,0,0,0,1,0,2026 OCT 18 00:01:28,2026 OCT 18 00:15:06,2026 OCT 18 00:01:38,2026 OCT 18 00:15:06,N/A,N/A,2026 OCT 18 00:08:58,2026 OCT 18 00:15:06,2026 OCT 18 00:14:36,85.2349,-132.1869,2026 OCT 18 00:09:28,73.303,-167.2099,2026 OCT 18 00:10:24,45.9894,1955,19.0192,8.7001,35.9204,N/A,66.6602,102.3851,10,480,536,30,30,808,3,1,13,13,0,0,0,0,0,0,0,0,0,0,450,368,300,811,1400002C000A01E002181E1E03280301000D000D0000000000000000000000000000000001C20170012C032B
1,1,84,0,265,39710,0,0,0,1,0,2026 OCT 18 05:55:07,2026 OCT 18 06:08:50,2026 OCT 18 05:55:17,2026 OCT 18 06:08:50,N/A,N/A,2026 OCT 18 06:02:37,2026 OCT 18 06:08:50,2026 OCT 18 06:08:20,84.9479,138.6385,2026 OCT 18 06:03:07,72.5408,106.4073,2026 OCT 18 06:04:04,46.7001,1929,18.9983,8.8195,36.3937,N/A,67.5659,103.7613,10,480,537,30,30,813,3,1,13,13,0,0,0,0,0,0,0,0,0,0,450,373,300,822,1400002C000A01E002191E1E032D0301000D000D0000000000000000000000000000000001C20175012C0336
1,1,85,0,268,39713,0,0,0,1,0,2026 OCT 18 11:48:35,2026 OCT 18 12:02:25,2026 OCT 18 11:48:45,2026 OCT 18 12:02:25,N/A,N/A,2026 OCT 18 11:56:05,2026 OCT 18 12:02:25,2026 OCT 18 12:01:55,84.6138,49.4652,2026 OCT 18 11:56:35,71.5754,20.7937,2026 OCT 18 11:57:34,47.3982,1905,19.0256,8.9387,37.0561,N/A,68.8339,105.688,10,480,539,30,30,820,3,1,13,13,0,0,0,0,0,0,0,0,0,0,450,380,300,838,1400002C000A01E0021B1E1E03340301000D000D0000000000000000000000000000000001C2017C012C0346
1,1,86,0,269,39714,0,0,0,1,0,2026 OCT 18 13:46:29,2026 OCT 18 14:00:21,2026 OCT 18 13:46:39,2026 OCT 18 14:00:21,N/A,N/A,2026 OCT 18 13:53:59,2026 OCT 18 14:00:21,2026 OCT 18 13:59:51,84.5915,20.7795,2026 OCT 18 13:54:29,71.5222,-9.0882,2026 OCT 18 13:55:28,47.6163,1896,18.9464,8.9785,37.2454,N/A,69.1962,106.2385,10,480,539,30,30,822,3,1,13,13,0,0,0,0,0,0,0,0,0,0,450,382,300,842,1400002C000A01E0021B1E1E03360301000D000D0000000000000000000000000000000001C2017E012C034A
1,1,87,0,271,39716,0,0,0,1,0,2026 OCT 18 17:42:16,2026 OCT 18 17:56:13,2026 OCT 18 17:42:26,2026 OCT 18 17:56:13,N/A,N/A,2026 OCT 18 17:49:46,2026 OCT 18 17:56:13,2026 OCT 18 17:55:43,84.3731,-38.3705,2026 OCT 18 17:50:16,70.8333,-65.7315,2026 OCT 18 17:51:16,48.1035,1876,18.9956,9.058,37.7186,N/A,70.1019,107.6147,10,480,540,30,30,827,3,1,13,13,0,0,0,0,0,0,0,0,0,0,450,387,300,853,1400002C000A01E0021C1E1E033B0301000D000D0000000000000000000000000000000001C20183012C0355
1,1,88,0,274,39719,0,0,0,1,0,2026 OCT 18 23:35:44,2026 OCT 18 23:49:47,2026 OCT 18 23:35:54,2026 OCT 18 23:49:47,N/A,N/A,2026 OCT 18 23:43:14,2026 OCT 18 23:49:47,2026 OCT 18 23:49:17,83.9738,-127.3228,2026 OCT 18 23:43:44,70.077,-154.0124,2026 OCT 18 23:44:45,48.8073,1849,18.845,9.1772,38.2865,N/A,71.1888,109.2661,10,480,541,30,30,833,3,1,13,13,0,0,0,0,0,0,0,0,0,0,450,393,300,866,1400002C000A01E0021D1E1E03410301000D000D0000000000000000000000000000000001C20189012C0362
1,1,89,0,276,39721,0,0,0,1,0,2026 OCT 19 03:31:26,2026 OCT 19 03:45:34,2026 OCT 19 03:31:36,2026 OCT 19 03:45:34,N/A,N/A,2026 OCT 19 03:38:56,2026 OCT 19 03:45:34,2026 OCT 19 03:45:04,83.7479,173.9239,2026 OCT 19 03:39:26,69.3429,149.9972,2026 OCT 19 03:40:29,49.2722,1828,18.9364,9.2566,38.7597,N/A,72.0945,110.6423,10,480,543,30,30,838,3,1,13,13,0,0,0,0,0,0,0,0,0,0,450,398,300,878,1400002C000A01E0021F1E1E03460301000D000D0000000000000000000000000000000001C2018E012C036E
1,1,90,0,277,39722,0,0,0,1,0,2026 OCT 19 05:29:20,2026 OCT 19 05:43:29,2026 OCT 19 05:29:30,2026 OCT 19 05:43:29,N/A,N/A,2026 OCT 19 05:36:50,2026 OCT 19 05:43:29,2026 OCT 19 05:42:59,83.6096,144.4031,2026 OCT 19 05:37:20,69.2571,119.128,2026 OCT 19 05:38:23,49.5114,1818,18.7914,9.2963,38.8543,N/A,72.2756,110.9175,10,480,543,30,30,839,3,1,13,13,0,0,0,0,0,0,0,0,0,0,450,399,300,880,1400002C000A01E0021F1E1E03470301000D000D0000000000000000000000000000000001C2018F012C0370
1,1,91,0,281,39726,0,0,0,1,0,2026 OCT 19 13:20:37,2026 OCT 19 13:34:57,2026 OCT 19 13:20:47,2026 OCT 19 13:34:57,N/A,N/A,2026 OCT 19 13:28:07,2026 OCT 19 13:34:57,2026 OCT 19 13:34:27,83.0849,26.9391,2026 OCT 19 13:28:37,67.8729,4.7874,2026 OCT 19 13:29:42,50.4357,1777,18.815,9.4551,39.8954,N/A,74.2682,113.9451,10,480,545,30,30,850,3,1,13,13,0,0,0,0,0,0,0,0,0,0,450,410,300,904,1400002C000A01E002211E1E03520301000D000D0000000000000000000000000000000001C2019A012C0388
1,1,92,0,284,39729,0,0,0,1,0,2026 OCT 19 19:14:13,2026 OCT 19 19:28:42,2026 OCT 19 19:14:23,2026 OCT 19 19:28:42,N/A,N/A,2026 OCT 19 19:21:43,2026 OCT 19 19:28:42,2026 OCT 19 19:28:12,82.6633,-61.0404,2026 OCT 19 19:22:13,66.7456,-80.8613,2026 OCT 19 19:23:21,51.1612,1741,18.8422,9.5741,40.7472,N/A,75.8984,116.4223,10,480,548,30,30,859,3,1,13,13,0,0,0,0,0,0,0,0,0,0,450,419,300,925,1400002C000A01E002241E1E035B0301000D000D0000000000000000000000000000000001C201A3012C039D
1,1,93,0,286,39731,0,0,0,1,0,2026 OCT 19 23:09:49,2026 OCT 19 23:24:24,2026 OCT 19 23:09:59,2026 OCT 19 23:24:24,N/A,N/A,2026 OCT 19 23:17:19,2026 OCT 19 23:24:24,2026 OCT 19 23:23:54,82.376,-119.5565,2026 OCT 19 23:17:49,66.1532,-139.691,2026 OCT 19 23:18:57,51.6272,1719,18.7428,9.6534,41.315,N/A,76.9853,118.0737,10,480,548,30,30,865,3,1,13,13,0,0,0,0,0,0,0,0,0,0,450,425,300,937,1400002C000A01E002241E1E03610301000D000D0000000000000000000000000000000001C201A9012C03A9
1,1,94,0,287,39732,0,0,0,1,0,2026 OCT 20 01:07:38,2026 OCT 20 01:22:16,2026 OCT 20 01:07:48,2026 OCT 20 01:22:16,N/A,N/A,2026 OCT 20 01:15:08,2026 OCT 20 01:22:16,2026 OCT 20 01:21:46,82.2897,-148.5097,2026 OCT 20 01:15:38,65.8381,-168.1125,2026 OCT 20 01:16:47,51.8496,1707,18.7594,9.6931,41.599,N/A,77.5287,118.8994,10,480,549,30,30,868,3,1,13,13,0,0,0,0,0,0,0,0,0,0,450,428,300,944,1400002C000A01E002251E1E03640301000D000D0000000000000000000000000000000001C201AC012C03B0
1,1,95,0,290,39735,0,0,0,1,0,2026 OCT 20 07:01:12,2026 OCT 20 07:15:59,2026 OCT 20 07:01:22,2026 OCT 20 07:15:59,N/A,N/A,2026 OCT 20 07:08:42,2026 OCT 20 07:15:59,2026 OCT 20 07:15:29,81.8554,123.8719,2026 OCT 20 07:09:12,64.7453,105.8133,2026 OCT 20 07:10:24,52.5588,1669,18.7575,9.8121,42.4508,N/A,79.159,121.3765,10,480,552,30,30,877,3,1,13,13,0,0,0,0,0,0,0,0,0,0,450,437,300,965,1400002C000A01E002281E1E036D0301000D000D0000000000000000000000000000000001C201B5012C03C5
1,1,96,0,293,39738,0,0,0,1,0,2026 OCT 20 12:54:34,2026 OCT 20 13:09:31,2026 OCT 20 12:54:44,2026 OCT 20 13:09:31,N/A,N/A,2026 OCT 20 13:02:04,2026 OCT 20 13:09:31,2026 OCT 20 13:09:01,81.333,36.1367,2026 OCT 20 13:02:34,63.5661,19.1144,2026 OCT 20 13:03:48,53.2509,1631,18.7108,9.9309,43.3972,N/A,80.9704,124.1289,10,480,554,30,30,887,3,1,13,13,0,0,0,0,0,0,0,0,0,0,450,447,300,987,1400002C000A01E0022A1E1E03770301000D000D0000000000000000000000000000000001C201BF012C03DB
1,1,97,0,296,39741,0,0,0,1,0,2026 OCT 20 18:48:08,2026 OCT 20 19:03:17,2026 OCT 20 18:48:18,2026 OCT 20 19:03:17,N/A,N/A,2026 OCT 20 18:55:38,2026 OCT 20 19:03:17,2026 OCT 20 19:02:47,80.9432,-50.9914,2026 OCT 20 18:56:08,62.3802,-66.9386,2026 OCT 20 18:57:25,53.9552,1585,18.7106,10.0498,44.5329,N/A,83.1441,127.4318,10,480,557,30,30,899,3,1,13,13,0,0,0,0,0,0,0,0,0,0,450,459,300,1014,1400002C000A01E0022D1E1E03830301000D000D0000000000000000000000000000000001C201CB012C03F6
1,1,98,0,298,39743,0,0,0,1,0,2026 OCT 20 22:43:41,2026 OCT 20 22:58:58,2026 OCT 20 22:43:51,2026 OCT 20 22:58:58,N/A,N/A,2026 OCT 20 22:51:11,2026 OCT 20 22:58:58,2026 OCT 20 22:58:28,80.511,-109.5375,2026 OCT 20 22:51:41,61.539,-125.9029,2026 OCT 20 22:52:59,54.4349,1555,18.6014,10.129,45.29,N/A,84.5933,129.6337,10,480,558,30,30,907,3,1,13,13,0,0,0,0,0,0,0,0,0,0,450,467,300,1031,1400002C000A01E0022E1E1E038B0301000D000D0000000000000000000000000000000001C201D3012C0407
1,1,99,0,299,39744,0,0,0,1,0,2026 OCT 21 00:41:28,2026 OCT 21 00:56:49,2026 OCT 21 00:41:38,2026 OCT 21 00:56:49,N/A,N/A,2026 OCT 21 00:48:58,2026 OCT 21 00:56:49,2026 OCT 21 00:56:19,80.4065,-138.4304,2026 OCT 21 00:49:28,61.1655,-154.4702,2026 OCT 21 00:50:47,54.6515,1541,18.6078,10.1686,45.6686,N/A,85.3178,130.7346,10,480,559,30,30,911,3,1,13,13,0,0,0,0,0,0,0,0,0,0,450,471,300,1040,1400002C000A01E0022F1E1E038F0301000D000D0000000000000000000000000000000001C201D7012C0410
1,1,100,0,301,39746,0,0,0,1,0,2026 OCT 21 04:37:05,2026 OCT 21 04:52:34,2026 OCT 21 04:37:15,2026 OCT 21 04:52:34,N/A,N/A,2026 OCT 21 04:44:35,2026 OCT 21 04:52:34,2026 OCT 21 04:52:04,80.0371,163.3199,2026 OCT 21 04:45:05,60.2008,148.723,2026 OCT 21 04:46:27,55.1122,1507,18.6433,10.2477,46.4257,N/A,86.767,132.9365,10,480,562,30,30,919,3,1,13,13,0,0,0,0,0,0,0,0,0,0,450,479,300,1059,1400002C000A01E002321E1E03970301000D000D0000000000000000000000000000000001C201DF012C0423
1,1,101,0,303,39748,0,0,0,1,0,2026 OCT 21 08:32:46,2026 OCT 21 08:48:24,2026 OCT 21 08:32:56,2026 OCT 21 08:48:24,N/A,N/A,2026 OCT 21 08:40:16,2026 OCT 21 08:48:24,2026 OCT 21 08:47:54,79.754,105.3489,2026 OCT 21 08:40:46,59.3977,90.6072,2026 OCT 21 08:42:10,55.5917,1476,18.5931,10.3269,47.2775,N/A,88.3972,135.4137,10,480,564,30,30,928,3,1,13,13,0,0,0,0,0,0,0,0,0,0,450,488,300,1079,1400002C000A01E002341E1E03A00301000D000D0000000000000000000000000000000001C201E8012C0437
1,1,102,0,306,39751,0,0,0,1,0,2026 OCT 21 14:26:01,2026 OCT 21 14:41:53,2026 OCT 21 14:26:11,2026 OCT 21 14:41:53,N/A,N/A,2026 OCT 21 14:33:31,2026 OCT 21 14:41:53,2026 OCT 21 14:41:23,79.1278,18.0215,2026 OCT 21 14:34:01,57.9012,3.9872,2026 OCT 21 14:35:28,56.2627,1423,18.5497,10.4455,48.6025,N/A,90.9332,139.267,10,480,567,30,30,942,3,1,13,13,0,0,0,0,0,0,0,0,0,0,450,502,300,1110,1400002C000A01E002371E1E03AE0301000D000D0000000000000000000000000000000001C201F6012C0456
1,1,103,0,307,39752,0,0,0,1,0,2026 OCT 21 16:23:52,2026 OCT 21 16:39:50,2026 OCT 21 16:24:02,2026 OCT 21 16:39:50,N/A,N/A,2026 OCT 21 16:31:22,2026 OCT 21 16:39:50,2026 OCT 21 16:39:20,79.0584,-10.7544,2026 OCT 21 16:31:52,57.4231,-24.1756,2026 OCT 21 16:33:21,56.4861,1404,18.5842,10.4851,49.1703,N/A,92.0201,140.9184,10,480,569,30,30,948,3,1,13,13,0,0,0,0,0,0,0,0,0,0,450,508,300,1124,1400002C000A01E002391E1E03B40301000D000D0000000000000000000000000000000001C201FC012C0464
1,1,104,0,309,39754,0,0,0,1,0,2026 OCT 21 20:19:25,2026 OCT 21 20:35:35,2026 OCT 21 20:19:35,2026 OCT 21 20:35:35,N/A,N/A,2026 OCT 21 20:26:55,2026 OCT 21 20:35:35,2026 OCT 21 20:35:05,78.5162,-69.1772,2026 OCT 21 20:27:25,56.12,-81.7076,2026 OCT 21 20:28:58,56.988,1361,18.5706,10.5642,50.306,N/A,94.1938,144.2213,10,480,573,30,30,960,3,1,13,13,0,0,0,0,0,0,0,0,0,0,450,520,300,897,1400002C000A01E0023D1E1E03C00301000D000D0000000000000000000000000000000001C20208012C0381
1,1,105,0,312,39757,0,0,0,1,0,2026 OCT 22 02:12:38,2026 OCT 22 02:29:07,2026 OCT 22 02:12:48,2026 OCT 22 02:29:07,N/A,N/A,2026 OCT 22 02:20:08,2026 OCT 22 02:29:07,2026 OCT 22 02:28:37,78.0084,-156.0109,2026 OCT 22 02:20:38,54.478,-168.1619,2026 OCT 22 02:22:16,57.6654,1301,18.5375,10.6827,52.1042,N/A,97.6355,149.4508,10,480,578,30,30,979,3,1,13,13,0,0,0,0,0,0,0,0,0,0,450,539,300,940,1400002C000A01E002421E1E03D30301000D000D0000000000000000000000000000000001C2021B012C03AC
1,1,106,0,316,39761,0,0,0,1,0,2026 OCT 22 10:03:45,2026 OCT 22 10:20:40,2026 OCT 22 10:03:55,2026 OCT 22 10:20:40,N/A,N/A,2026 OCT 22 10:11:15,2026 OCT 22 10:20:40,2026 OCT 22 10:20:10,77.1965,88.0292,2026 OCT 22 10:11:45,52.1611,75.7245,2026 OCT 22 10:13:30,58.6112,1210,18.4403,10.8407,54.5649,N/A,102.3452,156.607,10,480,585,30,30,1005,3,1,13,13,0,0,0,0,0,0,0,0,0,0,450,565,300,999,1400002C000A01E002491E1E03ED0301000D000D0000000000000000000000000000000001C20235012C03E7
1,1,107,0,318,39763,0,0,0,1,0,2026 OCT 22 13:59:05,2026 OCT 22 14:16:15,2026 OCT 22 13:59:15,2026 OCT 22 14:16:15,N/A,N/A,2026 OCT 22 14:06:35,2026 OCT 22 14:16:15,2026 OCT 22 14:15:45,76.6184,29.8684,2026 OCT 22 14:07:05,50.641,18.4941,2026 OCT 22 14:08:55,59.056,1159,18.4433,10.9197,55.9846,N/A,105.0623,160.7356,10,480,590,30,30,1020,3,1,13,13,0,0,0,0,0,0,0,0,0,0,450,580,300,1034,1400002C000A01E0024E1E1E03FC0301000D000D0000000000000000000000000000000001C20244012C040A
1,1,108,0,320,39765,0,0,0,1,0,2026 OCT 22 17:54:38,2026 OCT 22 18:12:07,2026 OCT 22 17:54:48,2026 OCT 22 18:12:07,N/A,N/A,2026 OCT 22 18:02:08,2026 OCT 22 18:12:07,2026 OCT 22 18:11:37,76.3956,-27.7425,2026 OCT 22 18:02:38,49.2776,-38.6163,2026 OCT 22 18:04:34,59.5035,1103,18.4575,10.9986,57.7828,N/A,108.504,165.9651,10,480,596,30,30,1039,3,1,13,13,0,0,0,0,0,0,0,0,0,0,450,599,300,823,1400002C000A01E002541E1E040F0301000D000D0000000000000000000000000000000001C20257012C0337
1,1,109,0,322,39767,0,0,0,1,0,2026 OCT 22 21:49:56,2026 OCT 22 22:07:45,2026 OCT 22 21:50:06,2026 OCT 22 22:07:45,N/A,N/A,2026 OCT 22 21:57:26,2026 OCT 22 22:07:45,2026 OCT 22 22:07:15,75.6053,-86.1308,2026 OCT 22 21:57:56,47.303,-96.4415,2026 OCT 22 21:59:59,60.0069,1037,18.4203,11.0775,59.6756,N/A,112.1268,171.4698,10,480,603,30,30,1059,3,1,13,13,0,0,0,0,0,0,0,0,0,0,450,619,300,870,1400002C000A01E0025B1E1E04230301000D000D0000000000000000000000000000000001C2026B012C0366
1,1,110,0,323,39768,0,0,0,1,0,2026 OCT 22 23:47:35,2026 OCT 23 00:05:35,2026 OCT 22 23:47:45,2026 OCT 23 00:05:35,N/A,N/A,2026 OCT 22 23:55:05,2026 OCT 23 00:05:35,2026 OCT 23 00:05:05,75.4208,-114.998,2026 OCT 22 23:55:35,46.5085,-125.509,2026 OCT 22 23:57:41,60.2336,1007,18.3911,11.1169,60.7167,N/A,114.1194,174.4975,10,480,606,30,30,1070,3,1,13,13,0,0,0,0,0,0,0,0,0,0,450,630,300,895,1400002C000A01E0025E1E1E042E0301000D000D0000000000000000000000000000000001C20276012C037F
1,1,111,0,325,39770,0,0,0,1,0,2026 OCT 23 03:42:53,2026 OCT 23 04:01:15,2026 OCT 23 03:43:03,2026 OCT 23 04:01:15,N/A,N/A,2026 OCT 23 03:50:23,2026 OCT 23 04:01:15,2026 OCT 23 04:00:45,74.9699,-172.8267,2026 OCT 23 03:50:53,44.777,176.863,2026 OCT 23 03:53:07,60.6653,938,18.3669,11.1958,62.7988,N/A,118.1045,180.5527,10,480,614,30,30,1092,3,1,13,13,0,0,0,0,0,0,0,0,0,0,450,652,300,947,1400002C000A01E002661E1E04440301000D000D0000000000000000000000000000000001C2028C012C03B3
1,1,112,0,328,39773,0,0,0,1,0,2026 OCT 23 09:35:53,2026 OCT 23 09:54:54,2026 OCT 23 09:36:03,2026 OCT 23 09:54:54,N/A,N/A,2026 OCT 23 09:43:23,2026 OCT 23 09:54:54,2026 OCT 23 09:54:24,74.2756,100.4231,2026 OCT 23 09:43:53,41.8031,90.4986,2026 OCT 23 09:46:23,61.3778,828,18.3367,11.314,66.4899,N/A,125.169,191.287,10,480,630,30,30,1131,3,1,13,13,0,0,0,0,0,0,0,0,0,0,450,691,300,1041,1400002C000A01E002761E1E046B0301000D000D0000000000000000000000000000000001C202B3012C0411
1,1,113,0,330,39775,0,0,0,1,0,2026 OCT 23 13:30:53,2026 OCT 23 13:50:27,2026 OCT 23 13:31:03,2026 OCT 23 13:50:27,N/A,N/A,2026 OCT 23 13:38:23,2026 OCT 23 13:50:27,2026 OCT 23 13:49:57,73.5814,42.4124,2026 OCT 23 13:38:53,39.2006,32.9055,2026 OCT 23 13:41:37,61.8294,737,18.31,11.3927,69.613,N/A,131.1467,200.3698,10,480,644,30,30,1164,3,1,13,13,0,0,0,0,0,0,0,0,0,0,450,724,300,1121,1400002C000A01E002841E1E048C0301000D000D0000000000000000000000000000000001C202D4012C0461
1,1,114,0,331,39776,0,0,0,1,0,2026 OCT 23 15:28:25,2026 OCT 23 15:48:18,2026 OCT 23 15:28:35,2026 OCT 23 15:48:18,N/A,N/A,2026 OCT 23 15:35:55,2026 OCT 23 15:48:18,2026 OCT 23 15:47:48,73.3595,13.5455,2026 OCT 23 15:36:25,37.8735,4.2913,2026 OCT 23 15:39:18,62.0316,685,18.3092,11.4321,71.4112,N/A,134.5884,205.5993,10,480,653,30,30,1183,3,1,13,13,0,0,0,0,0,0,0,0,0,0,450,743,300,1168,1400002C000A01E0028D1E1E049F0301000D000D0000000000000000000000000000000001C202E7012C0490
1,1,115,0,332,39777,0,0,0,1,0,2026 OCT 23 17:25:59,2026 OCT 23 17:46:14,2026 OCT 23 17:26:09,2026 OCT 23 17:46:14,N/A,N/A,2026 OCT 23 17:33:29,2026 OCT 23 17:46:14,2026 OCT 23 17:45:44,73.2258,-15.2423,2026 OCT 23 17:33:59,36.4987,-24.5864,2026 OCT 23 17:37:03,62.2527,628,18.2917,11.4714,73.4934,N/A,138.5735,211.6546,10,480,664,30,30,1205,3,1,13,13,0,0,0,0,0,0,0,0,0,0,450,765,300,1223,1400002C000A01E002981E1E04B50301000D000D0000000000000000000000000000000001C202FD012C04C7
1,1,116,0,333,39778,0,0,0,1,0,2026 OCT 23 19:23:24,2026 OCT 23 19:44:06,2026 OCT 23 19:23:34,2026 OCT 23 19:44:06,N/A,N/A,2026 OCT 23 19:30:54,2026 OCT 23 19:44:06,2026 OCT 23 19:43:36,72.8843,-44.2309,2026 OCT 23 19:31:24,34.6431,-53.6736,2026 OCT 23 19:34:42,62.5001,559,18.2575,11.5107,76.0487,N/A,143.4644,219.086,10,480,678,30,30,1232,3,1,13,13,0,0,0,0,0,0,0,0,0,0,450,792,300,1036,1400002C000A01E002A61E1E04D00301000D000D0000000000000000000000000000000001C20318012C040C
